0.001,-0.9734143607
0.002,-0.9734877127
0.003,-0.9736099672
0.004,-0.9737811259
0.005,-0.9740011913
0.006,-0.9742701666
0.007,-0.9745880557
0.008,-0.9749548631
0.009,-0.9753705942
0.01,-0.9758352551
0.011,-0.9763488526
0.012,-0.9769113942
0.013,-0.9775228882
0.014,-0.9781833438
0.015,-0.9788927707
0.016,-0.9796511798
0.017,-0.9804585825
0.018,-0.9813149911
0.019,-0.9822204187
0.02,-0.9831748795
0.021,-0.9841783883
0.022,-0.9852309608
0.023,-0.986332614
0.024,-0.9874833653
0.025,-0.9886832335
0.026,-0.989932238
0.027,-0.9912303996
0.028,-0.9925777399
0.029,-0.9939742815
0.03,-0.9954200481
0.031,-0.9969150647
0.032,-0.9984593571
0.033,-1.000052953
0.034,-1.001695879
0.035,-1.003388167
0.036,-1.005129846
0.037,-1.006920949
0.038,-1.008761508
0.039,-1.010651559
0.04,-1.012591137
0.041,-1.01458028
0.042,-1.016619026
0.043,-1.018707415
0.044,-1.02084549
0.045,-1.023033293
0.046,-1.025270868
0.047,-1.027558262
0.048,-1.029895523
0.049,-1.0322827
0.05,-1.034719844
0.051,-1.037207008
0.052,-1.039744245
0.053,-1.042331612
0.054,-1.044969167
0.055,-1.047656969
0.056,-1.05039508
0.057,-1.053183563
0.058,-1.056022482
0.059,-1.058911906
0.06,-1.061851902
0.061,-1.064842542
0.062,-1.067883897
0.063,-1.070976043
0.064,-1.074119057
0.065,-1.077313017
0.066,-1.080558003
0.067,-1.083854099
0.068,-1.087201389
0.069,-1.090599959
0.07,-1.0940499
0.071,-1.097551301
0.072,-1.101104256
0.073,-1.104708859
0.074,-1.108365209
0.075,-1.112073404
0.076,-1.115833545
0.077,-1.119645737
0.078,-1.123510084
0.079,-1.127426695
0.08,-1.131395679
0.081,-1.135417147
0.082,-1.139491214
0.083,-1.143617994
0.084,-1.147797607
0.085,-1.152030171
0.086,-1.156315807
0.087,-1.16065464
0.088,-1.165046793
0.089,-1.169492396
0.09,-1.173991575
0.091,-1.178544461
0.092,-1.183151186
0.093,-1.187811884
0.094,-1.192526689
0.095,-1.197295739
0.096,-1.202119169
0.097,-1.206997119
0.098,-1.21192973
0.099,-1.216917141
0.1,-1.221959494
0.101,-1.227036841
0.102,-1.232118901
0.103,-1.237205377
0.104,-1.242296277
0.105,-1.247391607
0.106,-1.252491371
0.107,-1.257595574
0.108,-1.262704218
0.109,-1.267817304
0.11,-1.272934831
0.111,-1.278056795
0.112,-1.283183195
0.113,-1.288314025
0.114,-1.293449277
0.115,-1.298588944
0.116,-1.303733015
0.117,-1.30888148
0.118,-1.314034324
0.119,-1.319191535
0.12,-1.324353094
0.121,-1.329518985
0.122,-1.334689188
0.123,-1.339863682
0.124,-1.345042443
0.125,-1.350225448
0.126,-1.35541267
0.127,-1.36060408
0.128,-1.365799651
0.129,-1.370999348
0.13,-1.376203141
0.131,-1.381410993
0.132,-1.386622868
0.133,-1.391838726
0.134,-1.397058529
0.135,-1.402282233
0.136,-1.407509794
0.137,-1.412741166
0.138,-1.417976301
0.139,-1.423215149
0.14,-1.428457659
0.141,-1.433703778
0.142,-1.438953448
0.143,-1.444206614
0.144,-1.449463214
0.145,-1.454723189
0.146,-1.459986474
0.147,-1.465253004
0.148,-1.470522712
0.149,-1.475795527
0.15,-1.481071378
0.151,-1.486350193
0.152,-1.491631894
0.153,-1.496916405
0.154,-1.502203646
0.155,-1.507493534
0.156,-1.512785986
0.157,-1.518080916
0.158,-1.523378235
0.159,-1.528677853
0.16,-1.533979678
0.161,-1.539283616
0.162,-1.544589569
0.163,-1.549897438
0.164,-1.555207123
0.165,-1.560518521
0.166,-1.565831526
0.167,-1.571146031
0.168,-1.576461926
0.169,-1.581779099
0.17,-1.587097437
0.171,-1.592416824
0.172,-1.597737141
0.173,-1.603058267
0.174,-1.608380081
0.175,-1.613702458
0.176,-1.61902527
0.177,-1.624348389
0.178,-1.629671683
0.179,-1.63499502
0.18,-1.640318263
0.181,-1.645641276
0.182,-1.650963918
0.183,-1.656286049
0.184,-1.661607523
0.185,-1.666928195
0.186,-1.672247918
0.187,-1.67756654
0.188,-1.68288391
0.189,-1.688199874
0.19,-1.693514276
0.191,-1.698826957
0.192,-1.704137757
0.193,-1.709446514
0.194,-1.714753065
0.195,-1.720057242
0.196,-1.725358879
0.197,-1.730657806
0.198,-1.73595385
0.199,-1.741246839
0.2,-1.746536597
0.201,-1.751822947
0.202,-1.75710571
0.203,-1.762384706
0.204,-1.767659753
0.205,-1.772930667
0.206,-1.778197262
0.207,-1.783459351
0.208,-1.788716745
0.209,-1.793969254
0.21,-1.799216687
0.211,-1.80445885
0.212,-1.809695549
0.213,-1.814926587
0.214,-1.820151767
0.215,-1.825370891
0.216,-1.830583759
0.217,-1.835790168
0.218,-1.840989918
0.219,-1.846182804
0.22,-1.851368622
0.221,-1.856547166
0.222,-1.861718229
0.223,-1.866881605
0.224,-1.872037083
0.225,-1.877184455
0.226,-1.882323511
0.227,-1.887454039
0.228,-1.892575827
0.229,-1.897688664
0.23,-1.902792336
0.231,-1.907886629
0.232,-1.91297133
0.233,-1.918046224
0.234,-1.923111095
0.235,-1.928165729
0.236,-1.93320991
0.237,-1.938243421
0.238,-1.943266048
0.239,-1.948277573
0.24,-1.95327778
0.241,-1.958266453
0.242,-1.963243375
0.243,-1.968208331
0.244,-1.973161105
0.245,-1.97810148
0.246,-1.983029241
0.247,-1.987944173
0.248,-1.99284606
0.249,-1.997734689
0.25,-2.002609846
0.251,-2.007471316
0.252,-2.012318888
0.253,-2.017152348
0.254,-2.021971487
0.255,-2.026776093
0.256,-2.031565955
0.257,-2.036340867
0.258,-2.041100619
0.259,-2.045845004
0.26,-2.050573817
0.261,-2.055286853
0.262,-2.059983908
0.263,-2.06466478
0.264,-2.069329268
0.265,-2.073977172
0.266,-2.078608293
0.267,-2.083222435
0.268,-2.087819402
0.269,-2.092399
0.27,-2.096961036
0.271,-2.101505321
0.272,-2.106031665
0.273,-2.11053988
0.274,-2.115029781
0.275,-2.119501184
0.276,-2.123953907
0.277,-2.128387771
0.278,-2.132802596
0.279,-2.137198208
0.28,-2.141574431
0.281,-2.145931094
0.282,-2.150268028
0.283,-2.154585063
0.284,-2.158882035
0.285,-2.163158781
0.286,-2.167415138
0.287,-2.171650948
0.288,-2.175866056
0.289,-2.180060305
0.29,-2.184233545
0.291,-2.188385626
0.292,-2.192516401
0.293,-2.196625726
0.294,-2.200713458
0.295,-2.204779457
0.296,-2.208823587
0.297,-2.212845712
0.298,-2.216845702
0.299,-2.220823425
0.3,-2.224778756
0.301,-2.228711571
0.302,-2.232621746
0.303,-2.236509165
0.304,-2.240373709
0.305,-2.244215265
0.306,-2.248033723
0.307,-2.251828974
0.308,-2.255600911
0.309,-2.259349433
0.31,-2.263074438
0.311,-2.266775829
0.312,-2.270453511
0.313,-2.274107391
0.314,-2.27773738
0.315,-2.281343392
0.316,-2.284925341
0.317,-2.288483147
0.318,-2.29201673
0.319,-2.295526014
0.32,-2.299010926
0.321,-2.302471394
0.322,-2.305907351
0.323,-2.30931873
0.324,-2.31270547
0.325,-2.316067509
0.326,-2.31940479
0.327,-2.322717257
0.328,-2.326004858
0.329,-2.329267543
0.33,-2.332505264
0.331,-2.335717977
0.332,-2.338905639
0.333,-2.342068209
0.334,-2.345205651
0.335,-2.348317929
0.336,-2.35140501
0.337,-2.354466865
0.338,-2.357503465
0.339,-2.360514784
0.34,-2.363500801
0.341,-2.366461492
0.342,-2.369396841
0.343,-2.372306831
0.344,-2.375191446
0.345,-2.378050677
0.346,-2.380884512
0.347,-2.383692944
0.348,-2.386475967
0.349,-2.389233579
0.35,-2.391965778
0.351,-2.394672563
0.352,-2.397353939
0.353,-2.40000991
0.354,-2.402640482
0.355,-2.405245663
0.356,-2.407825465
0.357,-2.410379898
0.358,-2.412908979
0.359,-2.415412721
0.36,-2.417891143
0.361,-2.420344264
0.362,-2.422772104
0.363,-2.425174687
0.364,-2.427552037
0.365,-2.42990418
0.366,-2.432231142
0.367,-2.434532954
0.368,-2.436809644
0.369,-2.439061246
0.37,-2.441287792
0.371,-2.443489317
0.372,-2.445665858
0.373,-2.447817451
0.374,-2.449944135
0.375,-2.45204595
0.376,-2.454122938
0.377,-2.456175141
0.378,-2.458202602
0.379,-2.460205366
0.38,-2.462183478
0.381,-2.464136987
0.382,-2.466065938
0.383,-2.467970383
0.384,-2.469850369
0.385,-2.471705949
0.386,-2.473537174
0.387,-2.475344096
0.388,-2.477126769
0.389,-2.478885248
0.39,-2.480619587
0.391,-2.482329843
0.392,-2.484016071
0.393,-2.48567833
0.394,-2.487316677
0.395,-2.488931171
0.396,-2.490521871
0.397,-2.492088838
0.398,-2.493632131
0.399,-2.495151811
0.4,-2.49664794
0.401,-2.49812058
0.402,-2.499569793
0.403,-2.500995642
0.404,-2.502398191
0.405,-2.503777502
0.406,-2.50513364
0.407,-2.506466669
0.408,-2.507776654
0.409,-2.509063659
0.41,-2.51032775
0.411,-2.511568992
0.412,-2.51278745
0.413,-2.51398319
0.414,-2.515156278
0.415,-2.51630678
0.416,-2.517434762
0.417,-2.51854029
0.418,-2.51962343
0.419,-2.520684249
0.42,-2.521722812
0.421,-2.522739187
0.422,-2.523733439
0.423,-2.524705634
0.424,-2.525655839
0.425,-2.52658412
0.426,-2.527490542
0.427,-2.528375172
0.428,-2.529238075
0.429,-2.530079316
0.43,-2.530898961
0.431,-2.531697076
0.432,-2.532473724
0.433,-2.53322897
0.434,-2.53396288
0.435,-2.534675516
0.436,-2.535366902
0.437,-2.536033163
0.438,-2.536672214
0.439,-2.537284736
0.44,-2.537871398
0.441,-2.538432862
0.442,-2.538969776
0.443,-2.539482782
0.444,-2.53997251
0.445,-2.540439581
0.446,-2.540884606
0.447,-2.541308187
0.448,-2.541710917
0.449,-2.542093379
0.45,-2.542456146
0.451,-2.542799785
0.452,-2.543124851
0.453,-2.543431891
0.454,-2.543721444
0.455,-2.54399404
0.456,-2.544250201
0.457,-2.544490439
0.458,-2.544715258
0.459,-2.544925156
0.46,-2.54512062
0.461,-2.545302131
0.462,-2.54547016
0.463,-2.545625171
0.464,-2.545767622
0.465,-2.54589796
0.466,-2.546016626
0.467,-2.546124054
0.468,-2.546220669
0.469,-2.546306889
0.47,-2.546383126
0.471,-2.546449784
0.472,-2.546507257
0.473,-2.546555937
0.474,-2.546596204
0.475,-2.546628434
0.476,-2.546652995
0.477,-2.546670248
0.478,-2.546680547
0.479,-2.54668424
0.48,-2.546681667
0.481,-2.546673162
0.482,-2.546659053
0.483,-2.54663966
0.484,-2.546615298
0.485,-2.546586274
0.486,-2.546552889
0.487,-2.546515438
0.488,-2.546474209
0.489,-2.546429485
0.49,-2.54638154
0.491,-2.546330645
0.492,-2.546277062
0.493,-2.546221048
0.494,-2.546162855
0.495,-2.546102727
0.496,-2.546040902
0.497,-2.545977614
0.498,-2.545913087
0.499,-2.545847544
0.5,-2.545781197
0.501,-2.545714256
0.502,-2.545646924
0.503,-2.545579396
0.504,-2.545511863
0.505,-2.54544451
0.506,-2.545377517
0.507,-2.545311055
0.508,-2.545245293
0.509,-2.545180391
0.51,-2.545116506
0.511,-2.545053787
0.512,-2.544992379
0.513,-2.544932419
0.514,-2.54487404
0.515,-2.54481737
0.516,-2.544762529
0.517,-2.544709632
0.518,-2.544658791
0.519,-2.544610107
0.52,-2.544563681
0.521,-2.544519605
0.522,-2.544477965
0.523,-2.544438844
0.524,-2.544402317
0.525,-2.544368454
0.526,-2.54433732
0.527,-2.544308974
0.528,-2.544283468
0.529,-2.544260851
0.53,-2.544241165
0.531,-2.544224445
0.532,-2.544210724
0.533,-2.544200026
0.534,-2.54419237
0.535,-2.544187771
0.536,-2.544186237
0.537,-2.544195402
0.538,-2.544222896
0.539,-2.544268712
0.54,-2.54433284
0.541,-2.544415264
0.542,-2.544515966
0.543,-2.544634921
0.544,-2.544772102
0.545,-2.544927477
0.546,-2.54510101
0.547,-2.54529266
0.548,-2.545502382
0.549,-2.545730126
0.55,-2.545975841
0.551,-2.546239467
0.552,-2.546520943
0.553,-2.546820204
0.554,-2.547137177
0.555,-2.547471789
0.556,-2.547823961
0.557,-2.548193609
0.558,-2.548580647
0.559,-2.548984981
0.56,-2.549406517
0.561,-2.549845154
0.562,-2.550300788
0.563,-2.55077331
0.564,-2.551262607
0.565,-2.551768561
0.566,-2.552291052
0.567,-2.552829954
0.568,-2.553385136
0.569,-2.553956465
0.57,-2.554543802
0.571,-2.555147004
0.572,-2.555765924
0.573,-2.556400411
0.574,-2.557050309
0.575,-2.557715459
0.576,-2.558395695
0.577,-2.559090851
0.578,-2.559800753
0.579,-2.560525223
0.58,-2.561264081
0.581,-2.56201714
0.582,-2.56278421
0.583,-2.563565097
0.584,-2.564359601
0.585,-2.565167519
0.586,-2.565988644
0.587,-2.566822762
0.588,-2.567669657
0.589,-2.568529107
0.59,-2.569400887
0.591,-2.570284765
0.592,-2.571180507
0.593,-2.572087872
0.594,-2.573006615
0.595,-2.573936489
0.596,-2.574877237
0.597,-2.575828602
0.598,-2.576790319
0.599,-2.577762119
0.6,-2.578743729
0.601,-2.57973487
0.602,-2.580735257
0.603,-2.581744602
0.604,-2.58276261
0.605,-2.583788981
0.606,-2.58482341
0.607,-2.585865587
0.608,-2.586915195
0.609,-2.587971912
0.61,-2.589035411
0.611,-2.590105359
0.612,-2.591181416
0.613,-2.592263237
0.614,-2.59335047
0.615,-2.594442758
0.616,-2.595539736
0.617,-2.596641035
0.618,-2.597746276
0.619,-2.598855077
0.62,-2.599967045
0.621,-2.601081784
0.622,-2.602198888
0.623,-2.603317944
0.624,-2.604438534
0.625,-2.605560229
0.626,-2.606682594
0.627,-2.607805185
0.628,-2.608927551
0.629,-2.610049232
0.63,-2.611169759
0.631,-2.612288655
0.632,-2.613405432
0.633,-2.614519596
0.634,-2.615630639
0.635,-2.616738048
0.636,-2.617841297
0.637,-2.618939041
0.638,-2.620022887
0.639,-2.621090691
0.64,-2.622142375
0.641,-2.623177864
0.642,-2.624197079
0.643,-2.625199938
0.644,-2.62618636
0.645,-2.62715626
0.646,-2.628109552
0.647,-2.629046149
0.648,-2.62996596
0.649,-2.630868895
0.65,-2.63175486
0.651,-2.63262376
0.652,-2.633475498
0.653,-2.634309974
0.654,-2.635127088
0.655,-2.635926737
0.656,-2.636708817
0.657,-2.63747322
0.658,-2.638219838
0.659,-2.63894856
0.66,-2.639659275
0.661,-2.640351866
0.662,-2.641026218
0.663,-2.641682212
0.664,-2.642319727
0.665,-2.642938641
0.666,-2.643538828
0.667,-2.644120161
0.668,-2.644682513
0.669,-2.64522575
0.67,-2.645749741
0.671,-2.64625435
0.672,-2.646739438
0.673,-2.647204866
0.674,-2.647650492
0.675,-2.648076172
0.676,-2.648481759
0.677,-2.648867105
0.678,-2.649232057
0.679,-2.649576463
0.68,-2.649900168
0.681,-2.650203012
0.682,-2.650484836
0.683,-2.650745476
0.684,-2.650984769
0.685,-2.651202545
0.686,-2.651398635
0.687,-2.651572867
0.688,-2.651725066
0.689,-2.651855054
0.69,-2.651962652
0.691,-2.652047677
0.692,-2.652109943
0.693,-2.652149265
0.694,-2.652165451
0.695,-2.65215831
0.696,-2.652127645
0.697,-2.652073259
0.698,-2.651994952
0.699,-2.65189252
0.7,-2.651765759
0.701,-2.651614458
0.702,-2.651438408
0.703,-2.651237394
0.704,-2.6510112
0.705,-2.650759607
0.706,-2.650482392
0.707,-2.650179331
0.708,-2.649850196
0.709,-2.649494758
0.71,-2.649112782
0.711,-2.648704033
0.712,-2.648268272
0.713,-2.647805258
0.714,-2.647314746
0.715,-2.646796489
0.716,-2.646250237
0.717,-2.645675738
0.718,-2.645072735
0.719,-2.64444097
0.72,-2.643780182
0.721,-2.643090106
0.722,-2.642370475
0.723,-2.64162102
0.724,-2.640841467
0.725,-2.640031541
0.726,-2.639190964
0.727,-2.638319454
0.728,-2.637416727
0.729,-2.636482497
0.73,-2.635516473
0.731,-2.634518364
0.732,-2.633487874
0.733,-2.632424706
0.734,-2.631328559
0.735,-2.630199129
0.736,-2.629036112
0.737,-2.627839198
0.738,-2.626608076
0.739,-2.625342433
0.74,-2.624041952
0.741,-2.622706316
0.742,-2.621335202
0.743,-2.619928288
0.744,-2.618485248
0.745,-2.617005754
0.746,-2.615489474
0.747,-2.613936078
0.748,-2.61234523
0.749,-2.610716595
0.75,-2.609049832
0.751,-2.607344602
0.752,-2.605600563
0.753,-2.60381737
0.754,-2.601994678
0.755,-2.60013214
0.756,-2.598229407
0.757,-2.596286129
0.758,-2.594301954
0.759,-2.592276531
0.76,-2.590209505
0.761,-2.588100523
0.762,-2.585949229
0.763,-2.583755268
0.764,-2.581518283
0.765,-2.579237917
0.766,-2.576913813
0.767,-2.574545614
0.768,-2.572132964
0.769,-2.569675506
0.77,-2.567172882
0.771,-2.564624739
0.772,-2.562030719
0.773,-2.559390471
0.774,-2.55670364
0.775,-2.553969875
0.776,-2.551188826
0.777,-2.548360145
0.778,-2.545483486
0.779,-2.542558505
0.78,-2.53958486
0.781,-2.536562212
0.782,-2.533490226
0.783,-2.530368568
0.784,-2.52719691
0.785,-2.523974926
0.786,-2.520702294
0.787,-2.517378698
0.788,-2.514003823
0.789,-2.510577364
0.79,-2.507099015
0.791,-2.503568481
0.792,-2.49998547
0.793,-2.496349696
0.794,-2.49266088
0.795,-2.48891875
0.796,-2.48512304
0.797,-2.481273493
0.798,-2.477369857
0.799,-2.473411891
0.8,-2.469399361
0.801,-2.465332041
0.802,-2.461209716
0.803,-2.45703218
0.804,-2.452799234
0.805,-2.448510694
0.806,-2.444166383
0.807,-2.439766135
0.808,-2.435309797
0.809,-2.430797227
0.81,-2.426228295
0.811,-2.421602882
0.812,-2.416920883
0.813,-2.412182207
0.814,-2.407386775
0.815,-2.402534522
0.816,-2.397625396
0.817,-2.392659363
0.818,-2.387636401
0.819,-2.382556502
0.82,-2.377419677
0.821,-2.37222595
0.822,-2.366975363
0.823,-2.361667972
0.824,-2.356303852
0.825,-2.350883094
0.826,-2.345405806
0.827,-2.339872115
0.828,-2.334282163
0.829,-2.328636111
0.83,-2.322934141
0.831,-2.317176449
0.832,-2.311363252
0.833,-2.305494786
0.834,-2.299571304
0.835,-2.29359308
0.836,-2.287560406
0.837,-2.281473593
0.838,-2.275332973
0.839,-2.269138894
0.84,-2.262891728
0.841,-2.256591862
0.842,-2.250239705
0.843,-2.243835685
0.844,-2.237380248
0.845,-2.230873861
0.846,-2.224317008
0.847,-2.217710194
0.848,-2.211053943
0.849,-2.204348795
0.85,-2.197595312
0.851,-2.190794072
0.852,-2.183945671
0.853,-2.177050724
0.854,-2.170109862
0.855,-2.163123736
0.856,-2.15609301
0.857,-2.149018368
0.858,-2.141900508
0.859,-2.134740144
0.86,-2.127538006
0.861,-2.120294838
0.862,-2.113011401
0.863,-2.105688465
0.864,-2.098326819
0.865,-2.090927261
0.866,-2.083490603
0.867,-2.076017668
0.868,-2.068509293
0.869,-2.060966322
0.87,-2.053389612
0.871,-2.045780027
0.872,-2.038138443
0.873,-2.030465743
0.874,-2.022762816
0.875,-2.015030561
0.876,-2.007269882
0.877,-1.999481689
0.878,-1.991666897
0.879,-1.983826425
0.88,-1.975961197
0.881,-1.96807214
0.882,-1.960160184
0.883,-1.952226259
0.884,-1.944271297
0.885,-1.936296233
0.886,-1.928301999
0.887,-1.920289528
0.888,-1.912259751
0.889,-1.904213597
0.89,-1.896151992
0.891,-1.888075862
0.892,-1.879986125
0.893,-1.871883698
0.894,-1.863769491
0.895,-1.85564441
0.896,-1.847509354
0.897,-1.839365217
0.898,-1.831212885
0.899,-1.823053236
0.9,-1.814887142
0.901,-1.806715464
0.902,-1.798539056
0.903,-1.790358763
0.904,-1.782175419
0.905,-1.773989848
0.906,-1.765802865
0.907,-1.757615272
0.908,-1.749427863
0.909,-1.741241416
0.91,-1.733056702
0.911,-1.724874477
0.912,-1.716695486
0.913,-1.708520459
0.914,-1.700350118
0.915,-1.692185166
0.916,-1.684026299
0.917,-1.675874194
0.918,-1.667729518
0.919,-1.659592923
0.92,-1.651465048
0.921,-1.643346517
0.922,-1.635237941
0.923,-1.627139917
0.924,-1.619053027
0.925,-1.610977839
0.926,-1.602914907
0.927,-1.594864771
0.928,-1.586827958
0.929,-1.578804977
0.93,-1.570796327
0.931,-1.56280249
0.932,-1.554823937
0.933,-1.54686112
0.934,-1.538914483
0.935,-1.530984452
0.936,-1.52307144
0.937,-1.515175847
0.938,-1.50729806
0.939,-1.49943845
0.94,-1.491597378
0.941,-1.48377519
0.942,-1.475972218
0.943,-1.468188784
0.944,-1.460425194
0.945,-1.452681745
0.946,-1.444958717
0.947,-1.437256382
0.948,-1.429574999
0.949,-1.421914812
0.95,-1.414276058
0.951,-1.406658959
0.952,-1.399063728
0.953,-1.391490565
0.954,-1.38393966
0.955,-1.376411192
0.956,-1.36890533
0.957,-1.361422232
0.958,-1.353962047
0.959,-1.346524912
0.96,-1.339110957
0.961,-1.331720301
0.962,-1.324353052
0.963,-1.317009312
0.964,-1.309689173
0.965,-1.302392718
0.966,-1.295120022
0.967,-1.28787115
0.968,-1.280646161
0.969,-1.273445105
0.97,-1.266268026
0.971,-1.259114957
0.972,-1.251985928
0.973,-1.244880959
0.974,-1.237800063
0.975,-1.230743248
0.976,-1.223710515
0.977,-1.216701857
0.978,-1.209717263
0.979,-1.202756715
0.98,-1.195820188
0.981,-1.188907654
0.982,-1.182019078
0.983,-1.175154419
0.984,-1.168313632
0.985,-1.161496666
0.986,-1.154703467
0.987,-1.147933974
0.988,-1.141188123
0.989,-1.134465845
0.99,-1.127767068
0.991,-1.121091714
0.992,-1.114439702
0.993,-1.107810947
0.994,-1.101205361
0.995,-1.094622852
0.996,-1.088063324
0.997,-1.08152668
0.998,-1.075012816
0.999,-1.068521628
1,-1.062053009
1.001,-1.055606847
1.002,-1.04918303
1.003,-1.042781442
1.004,-1.036401963
1.005,-1.030044475
1.006,-1.023708853
1.007,-1.017394973
1.008,-1.011102708
1.009,-1.004831928
1.01,-0.9985825025
1.011,-0.9923542985
1.012,-0.9861471816
1.013,-0.9799610156
1.014,-0.9737956629
1.015,-0.9676509841
1.016,-0.9615268389
1.017,-0.9554230853
1.018,-0.9493395802
1.019,-0.9432761794
1.02,-0.9372327373
1.021,-0.9312091076
1.022,-0.9252051429
1.023,-0.9192206947
1.024,-0.9132556139
1.025,-0.9073097504
1.026,-0.9013829536
1.027,-0.8954750718
1.028,-0.8895859531
1.029,-0.8837154447
1.03,-0.8778633933
1.031,-0.8720296453
1.032,-0.8662140464
1.033,-0.860416442
1.034,-0.854636677
1.035,-0.8488745963
1.036,-0.8431300442
1.037,-0.8374028647
1.038,-0.8316929018
1.039,-0.8259999992
1.04,-0.8203240005
1.041,-0.814664749
1.042,-0.8090220882
1.043,-0.8033958612
1.044,-0.7977859114
1.045,-0.7921920819
1.046,-0.7866142159
1.047,-0.7810521567
1.048,-0.7755057476
1.049,-0.769974832
1.05,-0.7644592533
1.051,-0.7589588553
1.052,-0.7534734816
1.053,-0.7480029761
1.054,-0.7425471828
1.055,-0.7371059461
1.056,-0.7316791103
1.057,-0.7262665201
1.058,-0.7208680203
1.059,-0.7154834562
1.06,-0.710112673
1.061,-0.7047555164
1.062,-0.6994118322
1.063,-0.6940814665
1.064,-0.688764266
1.065,-0.6834600771
1.066,-0.6781687471
1.067,-0.6728901231
1.068,-0.6676240529
1.069,-0.6623703843
1.07,-0.6571289656
1.071,-0.6518996454
1.072,-0.6466822726
1.073,-0.6414766964
1.074,-0.6362827663
1.075,-0.6311003322
1.076,-0.6259292442
1.077,-0.6207693529
1.078,-0.615620509
1.079,-0.6104825638
1.08,-0.6053553686
1.081,-0.6002387753
1.082,-0.5951326359
1.083,-0.5900368029
1.084,-0.5849511289
1.085,-0.5798754669
1.086,-0.5748096703
1.087,-0.5697535927
1.088,-0.5647070878
1.089,-0.55967001
1.09,-0.5546422135
1.091,-0.5496235531
1.092,-0.5446138837
1.093,-0.5396130605
1.094,-0.534620939
1.095,-0.5296373749
1.096,-0.5246622239
1.097,-0.5196953424
1.098,-0.5147365864
1.099,-0.5097858126
1.1,-0.5048428776
1.101,-0.4999076384
1.102,-0.4949799518
1.103,-0.4900596752
1.104,-0.4851466658
1.105,-0.480240781
1.106,-0.4753418783
1.107,-0.4704498155
1.108,-0.4655644503
1.109,-0.4606856403
1.11,-0.4558132436
1.111,-0.450947118
1.112,-0.4460871214
1.113,-0.4412331117
1.114,-0.4363849468
1.115,-0.4315424848
1.116,-0.4267055834
1.117,-0.4218741004
1.118,-0.4170478936
1.119,-0.4122268206
1.12,-0.4074107389
1.121,-0.402599506
1.122,-0.3977929791
1.123,-0.3929910153
1.124,-0.3881934715
1.125,-0.3834002044
1.126,-0.3786110704
1.127,-0.3738259257
1.128,-0.3690446263
1.129,-0.3642670278
1.13,-0.3594929855
1.131,-0.3547223544
1.132,-0.3499549891
1.133,-0.3451907437
1.134,-0.3404294722
1.135,-0.3356710277
1.136,-0.3309152633
1.137,-0.3261620311
1.138,-0.3214111832
1.139,-0.3166625708
1.14,-0.3119160445
1.141,-0.3071714546
1.142,-0.3024286503
1.143,-0.2976874805
1.144,-0.2929477932
1.145,-0.2882094357
1.146,-0.2834722546
1.147,-0.2787360955
1.148,-0.2740008035
1.149,-0.2692662223
1.15,-0.2645321951
1.151,-0.259798564
1.152,-0.2550651701
1.153,-0.2503318535
1.154,-0.245598453
1.155,-0.2408648067
1.156,-0.2361307511
1.157,-0.2313961217
1.158,-0.2266607527
1.159,-0.221924477
1.16,-0.2171871261
1.161,-0.2124485302
1.162,-0.2077085179
1.163,-0.2029669163
1.164,-0.198223551
1.165,-0.193478246
1.166,-0.1887308234
1.167,-0.1839811038
1.168,-0.1792289059
1.169,-0.1744740465
1.17,-0.1697163404
1.171,-0.1649556004
1.172,-0.1601916375
1.173,-0.1554242601
1.174,-0.1506532747
1.175,-0.1458784854
1.176,-0.1410996937
1.177,-0.136316699
1.178,-0.1315292979
1.179,-0.1267372844
1.18,-0.1219404496
1.181,-0.1171385822
1.182,-0.1123314675
1.183,-0.107518888
1.184,-0.1027006229
1.185,-0.09787644834
1.186,-0.09304613694
1.187,-0.08820945787
1.188,-0.08336617668
1.189,-0.07851605519
1.19,-0.07365885131
1.191,-0.06879431897
1.192,-0.06392220793
1.193,-0.05904226362
1.194,-0.05415422703
1.195,-0.0492578345
1.196,-0.04435281758
1.197,-0.03943890286
1.198,-0.03451581176
1.199,-0.02958326034
1.2,-0.02464095913
1.201,-0.01968861289
1.202,-0.01472592041
1.203,-0.009752574271
1.204,-0.004768260623
1.205,0.0002273410819
1.206,0.005234558338
1.207,0.01025372586
1.208,0.01528518588
1.209,0.02032928843
1.21,0.02538639165
1.211,0.03045686214
1.212,0.03554107531
1.213,0.04063941568
1.214,0.04575227736
1.215,0.05088006436
1.216,0.05602319105
1.217,0.06118208261
1.218,0.06635717549
1.219,0.07154891789
1.22,0.07675777027
1.221,0.08198420595
1.222,0.08722871162
1.223,0.092491788
1.224,0.09776404767
1.225,0.1030069978
1.226,0.1082166697
1.227,0.1133929953
1.228,0.1185358962
1.229,0.1236452837
1.23,0.1287210586
1.231,0.133763111
1.232,0.1387713206
1.233,0.1437455562
1.234,0.1486856759
1.235,0.1535915269
1.236,0.1584629456
1.237,0.1632997571
1.238,0.1681017758
1.239,0.1728688044
1.24,0.1776006347
1.241,0.182297047
1.242,0.18695781
1.243,0.191582681
1.244,0.1961714056
1.245,0.2007237176
1.246,0.2052393391
1.247,0.2097179802
1.248,0.2141593389
1.249,0.2185631013
1.25,0.2229289414
1.251,0.2272565206
1.252,0.2315454884
1.253,0.2357954818
1.254,0.2400061252
1.255,0.244177031
1.256,0.2483077985
1.257,0.2523980151
1.258,0.256447255
1.259,0.2604550805
1.26,0.2644210407
1.261,0.2683446727
1.262,0.2722255008
1.263,0.2760630369
1.264,0.2798567804
1.265,0.2836062186
1.266,0.2873108265
1.267,0.2909700667
1.268,0.2945833904
1.269,0.2981502365
1.27,0.3016700326
1.271,0.3051421948
1.272,0.3085661281
1.273,0.3119412267
1.274,0.3152668741
1.275,0.3185424437
1.276,0.321767299
1.277,0.3249407941
1.278,0.328062274
1.279,0.3311310753
1.28,0.3341465265
1.281,0.3371079487
1.282,0.340014656
1.283,0.3428659566
1.284,0.3456611528
1.285,0.3483995422
1.286,0.3510804185
1.287,0.3537030719
1.288,0.3562667905
1.289,0.3587708605
1.29,0.3612145679
1.291,0.3635971989
1.292,0.3659180412
1.293,0.368176385
1.294,0.370371524
1.295,0.3725027567
1.296,0.3745693873
1.297,0.3765707273
1.298,0.3785060963
1.299,0.3803748235
1.3,0.382176249
1.301,0.3839097249
1.302,0.3855746165
1.303,0.3871703042
1.304,0.3886961841
1.305,0.3901516696
1.306,0.3915361931
1.307,0.3928492063
1.308,0.3940901827
1.309,0.3952586177
1.31,0.3963540308
1.311,0.397375966
1.312,0.3983239935
1.313,0.3991977104
1.314,0.399996742
1.315,0.4007207426
1.316,0.4013693966
1.317,0.4019424193
1.318,0.4024395575
1.319,0.4028605903
1.32,0.4032053298
1.321,0.4034736216
1.322,0.403665345
1.323,0.4037804136
1.324,0.4038187756
1.325,0.4038097818
1.326,0.4037828079
1.327,0.4037378769
1.328,0.4036750267
1.329,0.4035943105
1.33,0.4034957967
1.331,0.4033795684
1.332,0.4032457237
1.333,0.4030943758
1.334,0.4029256519
1.335,0.4027396942
1.336,0.402536659
1.337,0.4023167166
1.338,0.4020800513
1.339,0.4018268611
1.34,0.4015573574
1.341,0.4012717647
1.342,0.4009703206
1.343,0.4006532753
1.344,0.4003208911
1.345,0.3999734429
1.346,0.3996112169
1.347,0.3992345111
1.348,0.3988436344
1.349,0.3984389068
1.35,0.3980206584
1.351,0.39758923
1.352,0.3971449718
1.353,0.3966882437
1.354,0.3962194146
1.355,0.3957388625
1.356,0.3952469737
1.357,0.3947441425
1.358,0.3942307713
1.359,0.3937072697
1.36,0.3931740546
1.361,0.3926315496
1.362,0.392080185
1.363,0.3915203969
1.364,0.3909526274
1.365,0.3903773244
1.366,0.3897949406
1.367,0.3892059339
1.368,0.3886107668
1.369,0.3880099061
1.37,0.3874038228
1.371,0.3867929916
1.372,0.386177891
1.373,0.3855590024
1.374,0.3849368108
1.375,0.3843118037
1.376,0.3836844712
1.377,0.3830553062
1.378,0.3824248032
1.379,0.3817934594
1.38,0.3811617732
1.381,0.380530245
1.382,0.3798993767
1.383,0.3792696713
1.384,0.3786416331
1.385,0.3780157674
1.386,0.3773925805
1.387,0.3767725791
1.388,0.376156271
1.389,0.3755441642
1.39,0.3749367673
1.391,0.3743345892
1.392,0.3737381389
1.393,0.3731479257
1.394,0.372564459
1.395,0.3719882482
1.396,0.3714198026
1.397,0.3708596314
1.398,0.3703082438
1.399,0.3697661487
1.4,0.3692338548
1.401,0.3687118704
1.402,0.3682007038
1.403,0.3677008628
1.404,0.3672128549
1.405,0.3667371874
1.406,0.366274367
1.407,0.3658249002
1.408,0.3653892933
1.409,0.3649680519
1.41,0.3645616816
1.411,0.3641706876
1.412,0.3637955745
1.413,0.3634368469
1.414,0.363095009
1.415,0.3627705649
1.416,0.362464018
1.417,0.362175872
1.418,0.3619066302
1.419,0.3616567955
1.42,0.3614268711
1.421,0.3612173597
1.422,0.3610287642
1.423,0.3608615872
1.424,0.3607163314
1.425,0.3605935382
1.426,0.3604942869
1.427,0.3604187343
1.428,0.3603666791
1.429,0.360337925
1.43,0.3603322808
1.431,0.36034956
1.432,0.3603895807
1.433,0.3604521653
1.434,0.3605371406
1.435,0.3606443376
1.436,0.3607735911
1.437,0.3609247399
1.438,0.3610976265
1.439,0.3612920969
1.44,0.3615080009
1.441,0.3617451912
1.442,0.3620035242
1.443,0.3622828592
1.444,0.3625830586
1.445,0.3629039879
1.446,0.3632455152
1.447,0.3636075116
1.448,0.3639898508
1.449,0.364392409
1.45,0.3648150652
1.451,0.3652577006
1.452,0.3657201987
1.453,0.3662024456
1.454,0.3667043294
1.455,0.3672257403
1.456,0.3677665707
1.457,0.3683267151
1.458,0.3689060698
1.459,0.3695045331
1.46,0.3701220051
1.461,0.3707583878
1.462,0.3714135847
1.463,0.3720875012
1.464,0.3727800444
1.465,0.3734911227
1.466,0.3742206462
1.467,0.3749685266
1.468,0.3757346769
1.469,0.3765190116
1.47,0.3773214464
1.471,0.3781418986
1.472,0.3789802865
1.473,0.37983653
1.474,0.3807105497
1.475,0.3816022679
1.476,0.3825116078
1.477,0.3834384937
1.478,0.384382851
1.479,0.3853446061
1.48,0.3863236867
1.481,0.387320021
1.482,0.3883335386
1.483,0.3893641697
1.484,0.3904118457
1.485,0.3914764987
1.486,0.3925580616
1.487,0.3936564683
1.488,0.3947716533
1.489,0.3959035521
1.49,0.3970521008
1.491,0.3982172362
1.492,0.399398896
1.493,0.4005970184
1.494,0.4018115424
1.495,0.4030424076
1.496,0.4042895542
1.497,0.4055529231
1.498,0.4068324556
1.499,0.4081280939
1.5,0.4094397804
1.501,0.4107674583
1.502,0.4121110713
1.503,0.4134705634
1.504,0.4148458794
1.505,0.4162369644
1.506,0.4176437639
1.507,0.419066224
1.508,0.4205042913
1.509,0.4219579125
1.51,0.4234270351
1.511,0.4249116067
1.512,0.4264115754
1.513,0.4279268898
1.514,0.4294574987
1.515,0.4310033512
1.516,0.432564397
1.517,0.4341405858
1.518,0.4357318679
1.519,0.4373381938
1.52,0.4389595143
1.521,0.4405957804
1.522,0.4422469435
1.523,0.4439129554
1.524,0.4455937678
1.525,0.4472893329
1.526,0.4489996033
1.527,0.4507245314
1.528,0.4524640703
1.529,0.454218173
1.53,0.4559867928
1.531,0.4577698834
1.532,0.4595673984
1.533,0.4613792918
1.534,0.4632055177
1.535,0.4650460305
1.536,0.4669007847
1.537,0.4687697349
1.538,0.4706528361
1.539,0.4725500431
1.54,0.4744613113
1.541,0.4763865958
1.542,0.4783258523
1.543,0.4802790364
1.544,0.4822461037
1.545,0.4842270103
1.546,0.4862217122
1.547,0.4882301655
1.548,0.4902523266
1.549,0.4922881518
1.55,0.4943375978
1.551,0.4964006211
1.552,0.4984771786
1.553,0.5005672272
1.554,0.5026707239
1.555,0.5047876258
1.556,0.50691789
1.557,0.509061474
1.558,0.5112183352
1.559,0.513388431
1.56,0.5155717192
1.561,0.5177681573
1.562,0.5199777033
1.563,0.5222003151
1.564,0.5244359507
1.565,0.5266845681
1.566,0.5289461256
1.567,0.5312205814
1.568,0.533507894
1.569,0.5358080217
1.57,0.5381209233
1.571,0.5404465572
1.572,0.5427848823
1.573,0.5451358574
1.574,0.5474994414
1.575,0.5498755933
1.576,0.5522642723
1.577,0.5546654376
1.578,0.5570790484
1.579,0.5595050642
1.58,0.5619434444
1.581,0.5643941487
1.582,0.5668571366
1.583,0.5693323681
1.584,0.5718198031
1.585,0.5743194014
1.586,0.5768311232
1.587,0.5793549287
1.588,0.5818907782
1.589,0.5844386322
1.59,0.5869984512
1.591,0.5895701958
1.592,0.5921538268
1.593,0.5947493052
1.594,0.5973565918
1.595,0.5999756479
1.596,0.6026064348
1.597,0.6052489138
1.598,0.6079030464
1.599,0.6105687944
1.6,0.6132461195
1.601,0.6159349836
1.602,0.618635349
1.603,0.6213471778
1.604,0.6240704325
1.605,0.6268050755
1.606,0.6295510696
1.607,0.6323083778
1.608,0.635076963
1.609,0.6378567884
1.61,0.6406478176
1.611,0.6434500139
1.612,0.6462633413
1.613,0.6490877637
1.614,0.6519232452
1.615,0.6547697501
1.616,0.6576272431
1.617,0.6604956888
1.618,0.6633750522
1.619,0.6662652985
1.62,0.6691663932
1.621,0.6720783018
1.622,0.6750009902
1.623,0.6779344244
1.624,0.680878571
1.625,0.6838333963
1.626,0.6867988673
1.627,0.6897749511
1.628,0.692761615
1.629,0.6957588267
1.63,0.698766554
1.631,0.7017847652
1.632,0.7048134287
1.633,0.7078525133
1.634,0.7109019881
1.635,0.7139618224
1.636,0.7170319859
1.637,0.7201124486
1.638,0.7232031809
1.639,0.7263041534
1.64,0.729415337
1.641,0.7325367032
1.642,0.7356682237
1.643,0.7388098704
1.644,0.7419616158
1.645,0.7451234326
1.646,0.7482952942
1.647,0.7514771739
1.648,0.7546690457
1.649,0.7578708841
1.65,0.7610826637
1.651,0.7643043597
1.652,0.7675359478
1.653,0.7707774039
1.654,0.7740287045
1.655,0.7772898267
1.656,0.7805607476
1.657,0.7838414453
1.658,0.7871318979
1.659,0.7904320844
1.66,0.793741984
1.661,0.7970615764
1.662,0.8003908421
1.663,0.8037297618
1.664,0.8070783169
1.665,0.8104364893
1.666,0.8138042614
1.667,0.8171816161
1.668,0.8205685371
1.669,0.8239650085
1.67,0.8273710151
1.671,0.830786542
1.672,0.8342115753
1.673,0.8376461014
1.674,0.8410901077
1.675,0.8445435817
1.676,0.8480065121
1.677,0.851478888
1.678,0.854960699
1.679,0.8584519358
1.68,0.8619525894
1.681,0.8654626518
1.682,0.8689821156
1.683,0.872510974
1.684,0.8760492213
1.685,0.8795968521
1.686,0.8831538622
1.687,0.8867202479
1.688,0.8902960064
1.689,0.8938811358
1.69,0.8974756348
1.691,0.9010795032
1.692,0.9046927414
1.693,0.908315351
1.694,0.9119473341
1.695,0.9155886941
1.696,0.9192394349
1.697,0.9228995617
1.698,0.9265690804
1.699,0.9302479981
1.7,0.9339363226
1.701,0.937634063
1.702,0.9413412291
1.703,0.9450578322
1.704,0.9487838841
1.705,0.9525193982
1.706,0.9562643886
1.707,0.9600188707
1.708,0.963782861
1.709,0.9675563773
1.71,0.9713394384
1.711,0.9751320643
1.712,0.9789342763
1.713,0.9827460971
1.714,0.9865675504
1.715,0.9903986613
1.716,0.9942394563
1.717,0.9980899633
1.718,1.001950211
1.719,1.005820231
1.72,1.009700054
1.721,1.013589715
1.722,1.017489248
1.723,1.021398689
1.724,1.025318077
1.725,1.029247451
1.726,1.033186853
1.727,1.037136326
1.728,1.041095914
1.729,1.045065663
1.73,1.049045622
1.731,1.05303584
1.732,1.057036369
1.733,1.061047264
1.734,1.065068578
1.735,1.069100371
1.736,1.073142701
1.737,1.07719563
1.738,1.081259222
1.739,1.085333542
1.74,1.089418659
1.741,1.093514643
1.742,1.097621567
1.743,1.101739505
1.744,1.105868535
1.745,1.110008737
1.746,1.114160194
1.747,1.11832299
1.748,1.122497213
1.749,1.126671686
1.75,1.130817439
1.751,1.134932775
1.752,1.139017444
1.753,1.143071196
1.754,1.147093784
1.755,1.15108496
1.756,1.155044475
1.757,1.158972082
1.758,1.162867533
1.759,1.166730583
1.76,1.170560984
1.761,1.17435849
1.762,1.178122854
1.763,1.181853829
1.764,1.18555117
1.765,1.189214629
1.766,1.192843961
1.767,1.19643892
1.768,1.199999258
1.769,1.203524729
1.77,1.207015087
1.771,1.210470085
1.772,1.213889477
1.773,1.217273015
1.774,1.220620453
1.775,1.223931545
1.776,1.227206043
1.777,1.230443701
1.778,1.233644272
1.779,1.236807509
1.78,1.239933165
1.781,1.243020994
1.782,1.246070749
1.783,1.249082184
1.784,1.252055054
1.785,1.254989112
1.786,1.257884113
1.787,1.260739813
1.788,1.263555966
1.789,1.266332329
1.79,1.269068658
1.791,1.271764711
1.792,1.274420246
1.793,1.277035021
1.794,1.279608797
1.795,1.282141334
1.796,1.284632394
1.797,1.287081741
1.798,1.289489138
1.799,1.291854352
1.8,1.294177151
1.801,1.296457302
1.802,1.298694577
1.803,1.300888748
1.804,1.30303959
1.805,1.30514688
1.806,1.307210395
1.807,1.309229918
1.808,1.311205232
1.809,1.313136123
1.81,1.31502238
1.811,1.316863794
1.812,1.318660162
1.813,1.320411279
1.814,1.322116949
1.815,1.323776974
1.816,1.325391164
1.817,1.326959329
1.818,1.328481287
1.819,1.329956855
1.82,1.331385858
1.821,1.332768124
1.822,1.334103484
1.823,1.335391776
1.824,1.33663284
1.825,1.337826523
1.826,1.338972676
1.827,1.340071154
1.828,1.341121819
1.829,1.342124537
1.83,1.343079179
1.831,1.343985624
1.832,1.344843752
1.833,1.345653454
1.834,1.346414624
1.835,1.34712716
1.836,1.347790971
1.837,1.348405967
1.838,1.348972067
1.839,1.349489196
1.84,1.349957285
1.841,1.35037627
1.842,1.350746097
1.843,1.351066714
1.844,1.351338079
1.845,1.351560155
1.846,1.351732912
1.847,1.351856327
1.848,1.351930382
1.849,1.351955069
1.85,1.351921865
1.851,1.351822264
1.852,1.351656289
1.853,1.351423982
1.854,1.351125398
1.855,1.350760612
1.856,1.350329713
1.857,1.349832805
1.858,1.349270008
1.859,1.34864146
1.86,1.347947311
1.861,1.347187726
1.862,1.346362886
1.863,1.345472985
1.864,1.344518233
1.865,1.34349885
1.866,1.342415072
1.867,1.341267146
1.868,1.340055333
1.869,1.338779903
1.87,1.337441139
1.871,1.336039335
1.872,1.334574795
1.873,1.333047833
1.874,1.331458772
1.875,1.329807943
1.876,1.328095687
1.877,1.326322352
1.878,1.324488294
1.879,1.322593872
1.88,1.320639457
1.881,1.318625421
1.882,1.316552143
1.883,1.314420007
1.884,1.312229399
1.885,1.309980711
1.886,1.307674336
1.887,1.305310672
1.888,1.302890117
1.889,1.30041307
1.89,1.297879933
1.891,1.295291108
1.892,1.292646997
1.893,1.289948002
1.894,1.287194524
1.895,1.284386963
1.896,1.281525718
1.897,1.278611186
1.898,1.27564376
1.899,1.272623833
1.9,1.269551795
1.901,1.26642803
1.902,1.26325292
1.903,1.260026845
1.904,1.256750177
1.905,1.253423287
1.906,1.250046539
1.907,1.246620293
1.908,1.243144904
1.909,1.23962072
1.91,1.236048085
1.911,1.232427337
1.912,1.228758807
1.913,1.22504282
1.914,1.221279696
1.915,1.217469745
1.916,1.213613273
1.917,1.20971058
1.918,1.205761956
1.919,1.201767686
1.92,1.197728046
1.921,1.193643308
1.922,1.189513732
1.923,1.185339574
1.924,1.181121081
1.925,1.176858492
1.926,1.172552039
1.927,1.168201946
1.928,1.163808428
1.929,1.159371694
1.93,1.154891944
1.931,1.15036937
1.932,1.145804155
1.933,1.141196476
1.934,1.136546501
1.935,1.131854388
1.936,1.12712029
1.937,1.122344349
1.938,1.117526702
1.939,1.112667474
1.94,1.107766785
1.941,1.102824744
1.942,1.097841455
1.943,1.092817011
1.944,1.087751499
1.945,1.082644995
1.946,1.07749757
1.947,1.072309284
1.948,1.067080191
1.949,1.061810335
1.95,1.056520696
1.951,1.051242617
1.952,1.04597609
1.953,1.040720801
1.954,1.035476443
1.955,1.030242716
1.956,1.025019326
1.957,1.019805987
1.958,1.014602419
1.959,1.009408347
1.96,1.004223504
1.961,0.9990476252
1.962,0.9938804552
1.963,0.9887217418
1.964,0.9835712383
1.965,0.9784287034
1.966,0.9732939002
1.967,0.9681665966
1.968,0.9630465652
1.969,0.957933583
1.97,0.952827431
1.971,0.9477278946
1.972,0.9426347631
1.973,0.9375478298
1.974,0.9324668917
1.975,0.9273917494
1.976,0.9223222072
1.977,0.9172580728
1.978,0.9121991574
1.979,0.9071452752
1.98,0.9020962438
1.981,0.8970518838
1.982,0.892012019
1.983,0.8869764759
1.984,0.8819450839
1.985,0.8769176753
1.986,0.871894085
1.987,0.8668741507
1.988,0.8618577124
1.989,0.8568446129
1.99,0.8518346972
1.991,0.846827813
1.992,0.84182381
1.993,0.8368225404
1.994,0.8318238586
1.995,0.8268276211
1.996,0.8218336865
1.997,0.8168419157
1.998,0.8118521715
1.999,0.8068643185
2,0.8018782236
2.001,0.7968937554
2.002,0.7919107843
2.003,0.7869291828
2.004,0.7819488251
2.005,0.7769695869
2.006,0.7719913459
2.007,0.7670139816
2.008,0.7620373748
2.009,0.7570614082
2.01,0.7520859661
2.011,0.7471109343
2.012,0.7421362002
2.013,0.7371616526
2.014,0.7321871821
2.015,0.7272126804
2.016,0.722238041
2.017,0.7172631587
2.018,0.7122879297
2.019,0.7073122516
2.02,0.7023360233
2.021,0.6973591453
2.022,0.6923815193
2.023,0.6874030483
2.024,0.6824236366
2.025,0.6774431899
2.026,0.6724616152
2.027,0.6674788206
2.028,0.6624947157
2.029,0.657509211
2.03,0.6525222187
2.031,0.6475336519
2.032,0.642543425
2.033,0.6375514536
2.034,0.6325576545
2.035,0.6275619458
2.036,0.6225642466
2.037,0.6175644774
2.038,0.6125625596
2.039,0.607558416
2.04,0.6025519706
2.041,0.5975431482
2.042,0.5925318752
2.043,0.5875180789
2.044,0.5825016877
2.045,0.5774826314
2.046,0.5724608408
2.047,0.5674362477
2.048,0.5624087853
2.049,0.5573783878
2.05,0.5523449905
2.051,0.54730853
2.052,0.542268944
2.053,0.5372261712
2.054,0.5321801517
2.055,0.5271308265
2.056,0.5220781378
2.057,0.5170220292
2.058,0.5119624452
2.059,0.5068993316
2.06,0.5018326352
2.061,0.4967623042
2.062,0.4916882878
2.063,0.4866105366
2.064,0.4815290022
2.065,0.4764436373
2.066,0.4713543962
2.067,0.466261234
2.068,0.4611641073
2.069,0.4560629737
2.07,0.4509577923
2.071,0.4458485232
2.072,0.440735128
2.073,0.4356175692
2.074,0.4304958109
2.075,0.4253698185
2.076,0.4202395584
2.077,0.4151049985
2.078,0.409966108
2.079,0.4048228575
2.08,0.3996752188
2.081,0.394523165
2.082,0.3893666708
2.083,0.384205712
2.084,0.3790402661
2.085,0.3738703117
2.086,0.3686958289
2.087,0.3635167993
2.088,0.3583332059
2.089,0.3531450331
2.09,0.3479522668
2.091,0.3427548946
2.092,0.3375529051
2.093,0.3323462888
2.094,0.3271350377
2.095,0.3219191452
2.096,0.3166986063
2.097,0.3114734177
2.098,0.3062435774
2.099,0.3010090852
2.1,0.2957699426
2.101,0.2905261526
2.102,0.2852777199
2.103,0.2800246507
2.104,0.2747669532
2.105,0.269504637
2.106,0.2642377136
2.107,0.2589661962
2.108,0.2536900996
2.109,0.2484094407
2.11,0.2431242378
2.111,0.2378345113
2.112,0.2325402832
2.113,0.2272415775
2.114,0.2219384199
2.115,0.216630838
2.116,0.2113188616
2.117,0.2060025218
2.118,0.2006818522
2.119,0.195356888
2.12,0.1900276664
2.121,0.1846942267
2.122,0.1793566101
2.123,0.1740148597
2.124,0.1686690208
2.125,0.1633191406
2.126,0.1579652685
2.127,0.1526074559
2.128,0.1472457561
2.129,0.1418802247
2.13,0.1365109194
2.131,0.1311379001
2.132,0.1257612285
2.133,0.120380969
2.134,0.1149971876
2.135,0.1096099528
2.136,0.1042193353
2.137,0.09882540804
2.138,0.09342824598
2.139,0.08802792648
2.14,0.08262452911
2.141,0.07721813569
2.142,0.07180883033
2.143,0.06639669941
2.144,0.06098183159
2.145,0.05556431785
2.146,0.05014425148
2.147,0.04472172806
2.148,0.03929684553
2.149,0.03386970415
2.15,0.02844040651
2.151,0.02300905758
2.152,0.01757576463
2.153,0.01214063734
2.154,0.006703787708
2.155,0.001265330127
2.156,-0.004174618658
2.157,-0.009615939529
2.158,-0.015058511
2.159,-0.02050220921
2.16,-0.02594690794
2.161,-0.03139247858
2.162,-0.03683879017
2.163,-0.04228570939
2.164,-0.04773310054
2.165,-0.05318082557
2.166,-0.0586287441
2.167,-0.06407671337
2.168,-0.06952458833
2.169,-0.07497222155
2.17,-0.08041946333
2.171,-0.08586616162
2.172,-0.09131216209
2.173,-0.09675730815
2.174,-0.1022014409
2.175,-0.1076443992
2.176,-0.1130860196
2.177,-0.1185261366
2.178,-0.1239645824
2.179,-0.1294011868
2.18,-0.1348357778
2.181,-0.1402681811
2.182,-0.1456982201
2.183,-0.1511257163
2.184,-0.1565504891
2.185,-0.1619723558
2.186,-0.1673911317
2.187,-0.17280663
2.188,-0.1782186622
2.189,-0.1836270374
2.19,-0.1890315633
2.191,-0.1944320454
2.192,-0.1998282873
2.193,-0.2052200912
2.194,-0.210607257
2.195,-0.2159895832
2.196,-0.2213668665
2.197,-0.2267389021
2.198,-0.2321054832
2.199,-0.2374664017
2.2,-0.242821448
2.201,-0.2481704108
2.202,-0.2535130776
2.203,-0.2588492342
2.204,-0.2641786652
2.205,-0.269501154
2.206,-0.2748164825
2.207,-0.2801244316
2.208,-0.2854247808
2.209,-0.2907173088
2.21,-0.2960017929
2.211,-0.3012780096
2.212,-0.3065457345
2.213,-0.311804742
2.214,-0.317054806
2.215,-0.3222956994
2.216,-0.3275271945
2.217,-0.3327490627
2.218,-0.3379610752
2.219,-0.3431630021
2.22,-0.3483546135
2.221,-0.3535356788
2.222,-0.358705967
2.223,-0.363865247
2.224,-0.3690132871
2.225,-0.3741498559
2.226,-0.3792747214
2.227,-0.3843876518
2.228,-0.3894884151
2.229,-0.3945767797
2.23,-0.3996525139
2.231,-0.404715386
2.232,-0.409765165
2.233,-0.4148016198
2.234,-0.41982452
2.235,-0.4248336354
2.236,-0.4298287365
2.237,-0.4348095944
2.238,-0.4397759805
2.239,-0.4447276674
2.24,-0.4496644281
2.241,-0.4545860366
2.242,-0.4594922677
2.243,-0.4643828972
2.244,-0.469257702
2.245,-0.4741164601
2.246,-0.4789589504
2.247,-0.4837849532
2.248,-0.4885942502
2.249,-0.4933866241
2.25,-0.4981618592
2.251,-0.5029197414
2.252,-0.5076600577
2.253,-0.512382597
2.254,-0.5170871496
2.255,-0.5217735078
2.256,-0.5264414652
2.257,-0.5310908175
2.258,-0.5357213622
2.259,-0.5403328986
2.26,-0.544925228
2.261,-0.5494981536
2.262,-0.5540514809
2.263,-0.5585850172
2.264,-0.563098572
2.265,-0.5675919572
2.266,-0.5720649867
2.267,-0.5765174768
2.268,-0.580949246
2.269,-0.5853601153
2.27,-0.5897499079
2.271,-0.5941184497
2.272,-0.5984655689
2.273,-0.6027910962
2.274,-0.607094865
2.275,-0.611376711
2.276,-0.6156364729
2.277,-0.6198739916
2.278,-0.6240891109
2.279,-0.6282816775
2.28,-0.6324515404
2.281,-0.6365985516
2.282,-0.6407225659
2.283,-0.6448234407
2.284,-0.6489010364
2.285,-0.6529552162
2.286,-0.6569858461
2.287,-0.660992795
2.288,-0.6649759345
2.289,-0.6689351395
2.29,-0.6728702874
2.291,-0.6767812587
2.292,-0.6806679369
2.293,-0.6845302083
2.294,-0.6883679622
2.295,-0.6921810907
2.296,-0.6959694892
2.297,-0.6997330557
2.298,-0.7034716912
2.299,-0.7071852999
2.3,-0.7108737887
2.301,-0.7145370675
2.302,-0.7181750492
2.303,-0.7217876496
2.304,-0.7253747875
2.305,-0.7289363845
2.306,-0.7324723651
2.307,-0.7359826569
2.308,-0.7394671902
2.309,-0.7429258982
2.31,-0.746358717
2.311,-0.7497655856
2.312,-0.7531464457
2.313,-0.756501242
2.314,-0.7598299218
2.315,-0.7631324353
2.316,-0.7664087355
2.317,-0.7696587779
2.318,-0.7728825209
2.319,-0.7760799257
2.32,-0.779250956
2.321,-0.782395578
2.322,-0.7855137609
2.323,-0.7886054763
2.324,-0.7916706982
2.325,-0.7947094033
2.326,-0.797721571
2.327,-0.8007071828
2.328,-0.8036662229
2.329,-0.8065986778
2.33,-0.8095045366
2.331,-0.8123837905
2.332,-0.8152364331
2.333,-0.8180624605
2.334,-0.8208618708
2.335,-0.8236346644
2.336,-0.826380844
2.337,-0.8291004143
2.338,-0.8317933824
2.339,-0.8344597572
2.34,-0.8370995498
2.341,-0.8397127733
2.342,-0.8422994428
2.343,-0.8448595754
2.344,-0.84739319
2.345,-0.8499003076
2.346,-0.8523809507
2.347,-0.854835144
2.348,-0.8572629137
2.349,-0.8596642878
2.35,-0.8620392961
2.351,-0.86438797
2.352,-0.8667103425
2.353,-0.8690064482
2.354,-0.8712763233
2.355,-0.8735200054
2.356,-0.8757375338
2.357,-0.8779289491
2.358,-0.8800942932
2.359,-0.8822336097
2.36,-0.8843469431
2.361,-0.8864343396
2.362,-0.8884958465
2.363,-0.8905315123
2.364,-0.8925413867
2.365,-0.8945255206
2.366,-0.896483966
2.367,-0.898416776
2.368,-0.9003240046
2.369,-0.9022057072
2.37,-0.9040619397
2.371,-0.9058927594
2.372,-0.9076982241
2.373,-0.9094783928
2.374,-0.9112333252
2.375,-0.9129630818
2.376,-0.914667724
2.377,-0.9163473137
2.378,-0.9180019139
2.379,-0.9196315879
2.38,-0.9212363999
2.381,-0.9228164146
2.382,-0.9243716973
2.383,-0.9259023139
2.384,-0.9274083308
2.385,-0.9288898149
2.386,-0.9303468336
2.387,-0.9317794547
2.388,-0.9331877464
2.389,-0.9345717772
2.39,-0.9359316162
2.391,-0.9372673325
2.392,-0.9385789958
2.393,-0.9398666758
2.394,-0.9411304427
2.395,-0.9423703666
2.396,-0.9435865181
2.397,-0.9447789678
2.398,-0.9459477864
2.399,-0.9470930447
2.4,-0.9482148138
2.401,-0.9493131645
2.402,-0.950388168
2.403,-0.9514398953
2.404,-0.9524684173
2.405,-0.9534738052
2.406,-0.9544561297
2.407,-0.9554154617
2.408,-0.9563518719
2.409,-0.957265431
2.41,-0.9581562093
2.411,-0.9590242771
2.412,-0.9598697046
2.413,-0.9606925614
2.414,-0.9614929173
2.415,-0.9622708416
2.416,-0.9630264033
2.417,-0.9637596283
2.418,-0.9644664126
2.419,-0.9651445333
2.42,-0.9657947075
2.421,-0.9664176411
2.422,-0.9670140294
2.423,-0.9675845573
2.424,-0.9681298989
2.425,-0.968650718
2.426,-0.9691476684
2.427,-0.9696213934
2.428,-0.9700725266
2.429,-0.9705016914
2.43,-0.9709095015
2.431,-0.9712965611
2.432,-0.9716634645
2.433,-0.9720107969
2.434,-0.9723391337
2.435,-0.9726490415
2.436,-0.9729410775
2.437,-0.9732157899
2.438,-0.9734737178
2.439,-0.9737153919
2.44,-0.9739413336
2.441,-0.9741520561
2.442,-0.9743480638
2.443,-0.9745298527
2.444,-0.9746979106
2.445,-0.9748527166
2.446,-0.9749947421
2.447,-0.97512445
2.448,-0.9752422954
2.449,-0.9753487254
2.45,-0.9754441792
2.451,-0.9755290883
2.452,-0.9756038763
2.453,-0.9756689594
2.454,-0.9757247461
2.455,-0.9757716374
2.456,-0.9758100269
2.457,-0.9758403008
2.458,-0.9758628381
2.459,-0.9758780104
2.46,-0.9758861823
2.461,-0.9758877111
2.462,-0.9758829473
2.463,-0.975872234
2.464,-0.9758559077
2.465,-0.9758342978
2.466,-0.9758077269
2.467,-0.9757765109
2.468,-0.9757409588
2.469,-0.9757013729
2.47,-0.9756580489
2.471,-0.9756112757
2.472,-0.9755613359
2.473,-0.9755085053
2.474,-0.9754530533
2.475,-0.9753952427
2.476,-0.9753353301
2.477,-0.9752735654
2.478,-0.9752101923
2.479,-0.9751454481
2.48,-0.9750795638
2.481,-0.9750127641
2.482,-0.9749452674
2.483,-0.9748772859
2.484,-0.9748090256
2.485,-0.9747406863
2.486,-0.9746724614
2.487,-0.9746045386
2.488,-0.9745370992
2.489,-0.9744703183
2.49,-0.974404365
2.491,-0.9743394026
2.492,-0.9742755878
2.493,-0.9742130718
2.494,-0.9741519994
2.495,-0.9740925095
2.496,-0.974034735
2.497,-0.9739788029
2.498,-0.9739248342
2.499,-0.9738729437
2.5,-0.9738232406
2.501,-0.9737758278
2.502,-0.9737308027
2.503,-0.9736882563
2.504,-0.973648274
2.505,-0.9736109352
2.506,-0.9735763133
2.507,-0.9735444759
2.508,-0.9735154848
2.509,-0.9734893956
2.51,-0.9734662584
2.511,-0.9734461172
2.512,-0.97342901
2.513,-0.9734149693
2.514,-0.9734040213
2.515,-0.9733961867
2.516,-0.97339148
2.517,-0.9733899101
