0.001,1.696144946
0.002,1.696207306
0.003,1.696311231
0.004,1.696456708
0.005,1.69664372
0.006,1.696872244
0.007,1.697142251
0.008,1.69745371
0.009,1.697806582
0.01,1.698200824
0.011,1.698636389
0.012,1.699113222
0.013,1.699631267
0.014,1.70019046
0.015,1.700790732
0.016,1.701432012
0.017,1.70211422
0.018,1.702837274
0.019,1.703601086
0.02,1.704405563
0.021,1.705250606
0.022,1.706136114
0.023,1.707061977
0.024,1.708028084
0.025,1.709034317
0.026,1.710080553
0.027,1.711166666
0.028,1.712292522
0.029,1.713457984
0.03,1.714662912
0.031,1.715907157
0.032,1.717190568
0.033,1.71851299
0.034,1.71987426
0.035,1.721274214
0.036,1.72271268
0.037,1.724189482
0.038,1.725704441
0.039,1.727257372
0.04,1.728848086
0.041,1.730476387
0.042,1.732142077
0.043,1.733844952
0.044,1.735584804
0.045,1.73736142
0.046,1.739174583
0.047,1.74102407
0.048,1.742909654
0.049,1.744831104
0.05,1.746788183
0.051,1.748780651
0.052,1.750808263
0.053,1.752870768
0.054,1.754967912
0.055,1.757099436
0.056,1.759265076
0.057,1.761464564
0.058,1.763697626
0.059,1.765963986
0.06,1.76826336
0.061,1.770595462
0.062,1.772960002
0.063,1.775356681
0.064,1.777785201
0.065,1.780245255
0.066,1.782736533
0.067,1.78525872
0.068,1.787811498
0.069,1.790394542
0.07,1.793007522
0.071,1.795650105
0.072,1.798321953
0.073,1.801022723
0.074,1.803752065
0.075,1.806509626
0.076,1.80929505
0.077,1.812107972
0.078,1.814948024
0.079,1.817814834
0.08,1.820708024
0.081,1.823627209
0.082,1.826572002
0.083,1.829542009
0.084,1.83253683
0.085,1.835556062
0.086,1.838599295
0.087,1.841666113
0.088,1.844756096
0.089,1.847868818
0.09,1.851003845
0.091,1.854160742
0.092,1.857339063
0.093,1.86053836
0.094,1.863758178
0.095,1.866998054
0.096,1.870257521
0.097,1.873536105
0.098,1.876833326
0.099,1.880148698
0.1,1.883481726
0.101,1.886818745
0.102,1.890139656
0.103,1.893444239
0.104,1.896732477
0.105,1.900004351
0.106,1.903259841
0.107,1.906498927
0.108,1.909721587
0.109,1.9129278
0.11,1.916117542
0.111,1.919290789
0.112,1.922447516
0.113,1.925587697
0.114,1.928711307
0.115,1.931818317
0.116,1.934908699
0.117,1.937982425
0.118,1.941039465
0.119,1.944079787
0.12,1.947103361
0.121,1.950110154
0.122,1.953100134
0.123,1.956073266
0.124,1.959029517
0.125,1.961968851
0.126,1.964891232
0.127,1.967796623
0.128,1.970684987
0.129,1.973556287
0.13,1.976410482
0.131,1.979247535
0.132,1.982067404
0.133,1.984870049
0.134,1.987655428
0.135,1.990423499
0.136,1.99317422
0.137,1.995907547
0.138,1.998623436
0.139,2.001321843
0.14,2.004002722
0.141,2.006666027
0.142,2.009311713
0.143,2.011939732
0.144,2.014550037
0.145,2.017142579
0.146,2.019717311
0.147,2.022274182
0.148,2.024813145
0.149,2.027334147
0.15,2.02983714
0.151,2.032322071
0.152,2.03478889
0.153,2.037237544
0.154,2.039667981
0.155,2.042080148
0.156,2.044473992
0.157,2.04684946
0.158,2.049206496
0.159,2.051545048
0.16,2.05386506
0.161,2.056166476
0.162,2.058449243
0.163,2.060713303
0.164,2.0629586
0.165,2.06518508
0.166,2.067392684
0.167,2.069581355
0.168,2.071751038
0.169,2.073901674
0.17,2.076033205
0.171,2.078145575
0.172,2.080238724
0.173,2.082312595
0.174,2.084367129
0.175,2.086402269
0.176,2.088417954
0.177,2.090414127
0.178,2.092390728
0.179,2.0943477
0.18,2.096284982
0.181,2.098202515
0.182,2.100100242
0.183,2.101978102
0.184,2.103836036
0.185,2.105673986
0.186,2.107491892
0.187,2.109289696
0.188,2.111067338
0.189,2.112824759
0.19,2.114561902
0.191,2.116278707
0.192,2.117975115
0.193,2.119651069
0.194,2.121306511
0.195,2.122941382
0.196,2.124555624
0.197,2.12614918
0.198,2.127721994
0.199,2.129274007
0.2,2.130805163
0.201,2.132315405
0.202,2.133804678
0.203,2.135272926
0.204,2.136720093
0.205,2.138146123
0.206,2.139550963
0.207,2.140934559
0.208,2.142296855
0.209,2.143637799
0.21,2.144957338
0.211,2.146255419
0.212,2.14753199
0.213,2.148787001
0.214,2.150020398
0.215,2.151232134
0.216,2.152422157
0.217,2.153590418
0.218,2.154736869
0.219,2.155861461
0.22,2.156964147
0.221,2.158044881
0.222,2.159103616
0.223,2.160140307
0.224,2.161154909
0.225,2.162147378
0.226,2.16311767
0.227,2.164065745
0.228,2.164991558
0.229,2.165895071
0.23,2.166776241
0.231,2.167635031
0.232,2.168471401
0.233,2.169285314
0.234,2.170076733
0.235,2.170845622
0.236,2.171591946
0.237,2.17231567
0.238,2.173016762
0.239,2.173695189
0.24,2.174350919
0.241,2.174983922
0.242,2.175594169
0.243,2.176181631
0.244,2.17674628
0.245,2.17728809
0.246,2.177807035
0.247,2.17830309
0.248,2.178776233
0.249,2.17922644
0.25,2.17965369
0.251,2.180057963
0.252,2.180439238
0.253,2.180797499
0.254,2.181132728
0.255,2.181444907
0.256,2.181734024
0.257,2.182000062
0.258,2.18224301
0.259,2.182462856
0.26,2.182659589
0.261,2.1828332
0.262,2.182983679
0.263,2.183111021
0.264,2.183215217
0.265,2.183296265
0.266,2.183354158
0.267,2.183388896
0.268,2.183400475
0.269,2.183388896
0.27,2.183354158
0.271,2.183296265
0.272,2.183215217
0.273,2.183111021
0.274,2.182983679
0.275,2.1828332
0.276,2.182659589
0.277,2.182462856
0.278,2.18224301
0.279,2.182000062
0.28,2.181734024
0.281,2.181444907
0.282,2.181132728
0.283,2.180797499
0.284,2.180439238
0.285,2.180057963
0.286,2.17965369
0.287,2.17922644
0.288,2.178776233
0.289,2.17830309
0.29,2.177807035
0.291,2.17728809
0.292,2.17674628
0.293,2.176181631
0.294,2.175594169
0.295,2.174983922
0.296,2.174350919
0.297,2.173695189
0.298,2.173016762
0.299,2.17231567
0.3,2.171591946
0.301,2.170845622
0.302,2.170076733
0.303,2.169285314
0.304,2.168471401
0.305,2.167635031
0.306,2.166776241
0.307,2.165895071
0.308,2.164991558
0.309,2.164065745
0.31,2.16311767
0.311,2.162147378
0.312,2.161154909
0.313,2.160140307
0.314,2.159103616
0.315,2.158044881
0.316,2.156964147
0.317,2.155861461
0.318,2.154736869
0.319,2.153590418
0.32,2.152422157
0.321,2.151232134
0.322,2.150020398
0.323,2.148787001
0.324,2.14753199
0.325,2.146255419
0.326,2.144957338
0.327,2.143637799
0.328,2.142296855
0.329,2.140934559
0.33,2.139550963
0.331,2.138146123
0.332,2.136720093
0.333,2.135272926
0.334,2.133804678
0.335,2.132315405
0.336,2.130805163
0.337,2.129274007
0.338,2.127721994
0.339,2.12614918
0.34,2.124555624
0.341,2.122941382
0.342,2.121306511
0.343,2.119651069
0.344,2.117975115
0.345,2.116278707
0.346,2.114561902
0.347,2.112824759
0.348,2.111067338
0.349,2.109289696
0.35,2.107491892
0.351,2.105673986
0.352,2.103836036
0.353,2.101978102
0.354,2.100100242
0.355,2.098202515
0.356,2.096284982
0.357,2.0943477
0.358,2.092390728
0.359,2.090414127
0.36,2.088417954
0.361,2.086402269
0.362,2.084367129
0.363,2.082312595
0.364,2.080238724
0.365,2.078145575
0.366,2.076033205
0.367,2.073901674
0.368,2.071751038
0.369,2.069581355
0.37,2.067392684
0.371,2.06518508
0.372,2.0629586
0.373,2.060713303
0.374,2.058449243
0.375,2.056166476
0.376,2.05386506
0.377,2.051545048
0.378,2.049206496
0.379,2.04684946
0.38,2.044473992
0.381,2.042080148
0.382,2.039667981
0.383,2.037237544
0.384,2.03478889
0.385,2.032322071
0.386,2.02983714
0.387,2.027334147
0.388,2.024813145
0.389,2.022274182
0.39,2.019717311
0.391,2.017142579
0.392,2.014550037
0.393,2.011939732
0.394,2.009311713
0.395,2.006666027
0.396,2.004002722
0.397,2.001321843
0.398,1.998623436
0.399,1.995907547
0.4,1.99317422
0.401,1.990423499
0.402,1.987655428
0.403,1.984870049
0.404,1.982067404
0.405,1.979247535
0.406,1.976410482
0.407,1.973556287
0.408,1.970684987
0.409,1.967796623
0.41,1.964891232
0.411,1.961968851
0.412,1.959029517
0.413,1.956073266
0.414,1.953100134
0.415,1.950110154
0.416,1.947103361
0.417,1.944079787
0.418,1.941039465
0.419,1.937982425
0.42,1.934908699
0.421,1.931818317
0.422,1.928711307
0.423,1.925587697
0.424,1.922447516
0.425,1.919290789
0.426,1.916117542
0.427,1.9129278
0.428,1.909721587
0.429,1.906498927
0.43,1.903259841
0.431,1.900004351
0.432,1.896732477
0.433,1.893444239
0.434,1.890139656
0.435,1.886818745
0.436,1.883481726
0.437,1.880148698
0.438,1.876833326
0.439,1.873536105
0.44,1.870257521
0.441,1.866998054
0.442,1.863758178
0.443,1.86053836
0.444,1.857339063
0.445,1.854160742
0.446,1.851003845
0.447,1.847868818
0.448,1.844756096
0.449,1.841666113
0.45,1.838599295
0.451,1.835556062
0.452,1.83253683
0.453,1.829542009
0.454,1.826572002
0.455,1.823627209
0.456,1.820708024
0.457,1.817814834
0.458,1.814948024
0.459,1.812107972
0.46,1.80929505
0.461,1.806509626
0.462,1.803752065
0.463,1.801022723
0.464,1.798321953
0.465,1.795650105
0.466,1.793007522
0.467,1.790394542
0.468,1.787811498
0.469,1.78525872
0.47,1.782736533
0.471,1.780245255
0.472,1.777785201
0.473,1.775356681
0.474,1.772960002
0.475,1.770595462
0.476,1.76826336
0.477,1.765963986
0.478,1.763697626
0.479,1.761464564
0.48,1.759265076
0.481,1.757099436
0.482,1.754967912
0.483,1.752870768
0.484,1.750808263
0.485,1.748780651
0.486,1.746788183
0.487,1.744831104
0.488,1.742909654
0.489,1.74102407
0.49,1.739174583
0.491,1.73736142
0.492,1.735584804
0.493,1.733844952
0.494,1.732142077
0.495,1.730476387
0.496,1.728848086
0.497,1.727257372
0.498,1.725704441
0.499,1.724189482
0.5,1.72271268
0.501,1.721274214
0.502,1.71987426
0.503,1.71851299
0.504,1.717190568
0.505,1.715907157
0.506,1.714662912
0.507,1.713457984
0.508,1.712292522
0.509,1.711166666
0.51,1.710080553
0.511,1.709034317
0.512,1.708028084
0.513,1.707061977
0.514,1.706136114
0.515,1.705250606
0.516,1.704405563
0.517,1.703601086
0.518,1.702837274
0.519,1.70211422
0.52,1.701432012
0.521,1.700790732
0.522,1.70019046
0.523,1.699631267
0.524,1.699113222
0.525,1.698636389
0.526,1.698200824
0.527,1.697806582
0.528,1.69745371
0.529,1.697142251
0.53,1.696872244
0.531,1.69664372
0.532,1.696456708
0.533,1.696311231
0.534,1.696207306
0.535,1.696144946
0.536,1.696124158
0.537,1.69615039
0.538,1.696229084
0.539,1.696360232
0.54,1.696543823
0.541,1.696779841
0.542,1.697068266
0.543,1.69740907
0.544,1.697802225
0.545,1.698247695
0.546,1.698745441
0.547,1.69929542
0.548,1.699897582
0.549,1.700551876
0.55,1.701258242
0.551,1.702016619
0.552,1.702826941
0.553,1.703689137
0.554,1.70460313
0.555,1.705568842
0.556,1.706586187
0.557,1.707655078
0.558,1.708775422
0.559,1.70994712
0.56,1.711170073
0.561,1.712444173
0.562,1.713769311
0.563,1.715145374
0.564,1.716572243
0.565,1.718049795
0.566,1.719577905
0.567,1.721156441
0.568,1.722785271
0.569,1.724464256
0.57,1.726193253
0.571,1.727972117
0.572,1.729800699
0.573,1.731678844
0.574,1.733606396
0.575,1.735583194
0.576,1.737609074
0.577,1.739683868
0.578,1.741807403
0.579,1.743979507
0.58,1.746199999
0.581,1.748468699
0.582,1.750785421
0.583,1.753149976
0.584,1.755562175
0.585,1.75802182
0.586,1.760528716
0.587,1.76308266
0.588,1.765683448
0.589,1.768330874
0.59,1.771024726
0.591,1.773764793
0.592,1.776550858
0.593,1.779382702
0.594,1.782260104
0.595,1.785182839
0.596,1.78815068
0.597,1.791163398
0.598,1.794220759
0.599,1.797322528
0.6,1.800468469
0.601,1.80365834
0.602,1.806891898
0.603,1.810168899
0.604,1.813489094
0.605,1.816852233
0.606,1.820258063
0.607,1.823706329
0.608,1.827196774
0.609,1.830729138
0.61,1.834303158
0.611,1.83791857
0.612,1.841575107
0.613,1.8452725
0.614,1.849010476
0.615,1.852788763
0.616,1.856607084
0.617,1.86046516
0.618,1.864362712
0.619,1.868299455
0.62,1.872275104
0.621,1.876289373
0.622,1.880341969
0.623,1.884432602
0.624,1.888560977
0.625,1.892726796
0.626,1.896929759
0.627,1.901169566
0.628,1.90544591
0.629,1.909758486
0.63,1.914106983
0.631,1.918491089
0.632,1.92291049
0.633,1.927364868
0.634,1.931853903
0.635,1.936377271
0.636,1.940934646
0.637,1.945522296
0.638,1.950106376
0.639,1.954678306
0.64,1.959238113
0.641,1.963785825
0.642,1.968321469
0.643,1.972845069
0.644,1.977356649
0.645,1.981856231
0.646,1.986343835
0.647,1.990819483
0.648,1.995283192
0.649,1.999734979
0.65,2.004174861
0.651,2.008602851
0.652,2.013018964
0.653,2.017423211
0.654,2.021815603
0.655,2.026196149
0.656,2.030564859
0.657,2.034921739
0.658,2.039266794
0.659,2.043600029
0.66,2.047921448
0.661,2.052231052
0.662,2.056528842
0.663,2.060814817
0.664,2.065088976
0.665,2.069351315
0.666,2.07360183
0.667,2.077840515
0.668,2.082067363
0.669,2.086282366
0.67,2.090485514
0.671,2.094676797
0.672,2.098856201
0.673,2.103023715
0.674,2.107179322
0.675,2.111323006
0.676,2.115454751
0.677,2.119574537
0.678,2.123682345
0.679,2.127778153
0.68,2.131861937
0.681,2.135933675
0.682,2.13999334
0.683,2.144040906
0.684,2.148076345
0.685,2.152099626
0.686,2.156110719
0.687,2.160109591
0.688,2.16409621
0.689,2.168070538
0.69,2.172032541
0.691,2.17598218
0.692,2.179919415
0.693,2.183844205
0.694,2.187756509
0.695,2.191656282
0.696,2.195543479
0.697,2.199418053
0.698,2.203279956
0.699,2.207129138
0.7,2.210965548
0.701,2.214789134
0.702,2.21859984
0.703,2.222397611
0.704,2.226182389
0.705,2.229954116
0.706,2.233712731
0.707,2.237458171
0.708,2.241190374
0.709,2.244909272
0.71,2.248614801
0.711,2.25230689
0.712,2.25598547
0.713,2.259650469
0.714,2.263301813
0.715,2.266939427
0.716,2.270563233
0.717,2.274173154
0.718,2.277769109
0.719,2.281351015
0.72,2.284918789
0.721,2.288472346
0.722,2.292011597
0.723,2.295536454
0.724,2.299046825
0.725,2.302542619
0.726,2.30602374
0.727,2.309490092
0.728,2.312941578
0.729,2.316378096
0.73,2.319799545
0.731,2.323205821
0.732,2.326596819
0.733,2.329972432
0.734,2.333332549
0.735,2.336677059
0.736,2.340005849
0.737,2.343318805
0.738,2.346615808
0.739,2.349896741
0.74,2.353161481
0.741,2.356409907
0.742,2.359641893
0.743,2.362857312
0.744,2.366056036
0.745,2.369237934
0.746,2.372402872
0.747,2.375550717
0.748,2.378681331
0.749,2.381794577
0.75,2.384890312
0.751,2.387968394
0.752,2.391028679
0.753,2.39407102
0.754,2.397095269
0.755,2.400101273
0.756,2.403088882
0.757,2.406057939
0.758,2.409008289
0.759,2.411939773
0.76,2.414852231
0.761,2.417745499
0.762,2.420619413
0.763,2.423473807
0.764,2.426308513
0.765,2.429123361
0.766,2.431918177
0.767,2.434692789
0.768,2.43744702
0.769,2.440180693
0.77,2.442893628
0.771,2.445585645
0.772,2.448256559
0.773,2.450906187
0.774,2.453534341
0.775,2.456140834
0.776,2.458725476
0.777,2.461288075
0.778,2.463828439
0.779,2.466346373
0.78,2.468841681
0.781,2.471314166
0.782,2.473763629
0.783,2.476189869
0.784,2.478592685
0.785,2.480971875
0.786,2.483327234
0.787,2.485658557
0.788,2.487965639
0.789,2.490248272
0.79,2.492506248
0.791,2.494739358
0.792,2.496947392
0.793,2.499130139
0.794,2.501287388
0.795,2.503418928
0.796,2.505524546
0.797,2.507604029
0.798,2.509657164
0.799,2.511683737
0.8,2.513683536
0.801,2.515656345
0.802,2.517601953
0.803,2.519520144
0.804,2.521410706
0.805,2.523273425
0.806,2.525108089
0.807,2.526914486
0.808,2.528692405
0.809,2.530441633
0.81,2.532161963
0.811,2.533853184
0.812,2.535515089
0.813,2.537147471
0.814,2.538750126
0.815,2.540322848
0.816,2.541865435
0.817,2.543377688
0.818,2.544859407
0.819,2.546310396
0.82,2.547730459
0.821,2.549119404
0.822,2.550477041
0.823,2.551803182
0.824,2.553097642
0.825,2.554360238
0.826,2.555590791
0.827,2.556789125
0.828,2.557955065
0.829,2.559088442
0.83,2.560189088
0.831,2.561256841
0.832,2.562291541
0.833,2.563293032
0.834,2.564261162
0.835,2.565195782
0.836,2.566096749
0.837,2.566963924
0.838,2.56779717
0.839,2.568596358
0.84,2.569361361
0.841,2.570092058
0.842,2.570788332
0.843,2.571450071
0.844,2.572077169
0.845,2.572669523
0.846,2.573227038
0.847,2.573749623
0.848,2.574237191
0.849,2.574689663
0.85,2.575106963
0.851,2.575489023
0.852,2.575835778
0.853,2.576147172
0.854,2.576423151
0.855,2.576663671
0.856,2.57686869
0.857,2.577038173
0.858,2.577172094
0.859,2.577270428
0.86,2.577333159
0.861,2.577360277
0.862,2.577351778
0.863,2.577307661
0.864,2.577227936
0.865,2.577112615
0.866,2.576961718
0.867,2.576775271
0.868,2.576553304
0.869,2.576295855
0.87,2.576002967
0.871,2.57567469
0.872,2.575311077
0.873,2.57491219
0.874,2.574478094
0.875,2.574008862
0.876,2.573504571
0.877,2.572965304
0.878,2.57239115
0.879,2.571782201
0.88,2.571138557
0.881,2.570460322
0.882,2.569747605
0.883,2.56900052
0.884,2.568219186
0.885,2.567403727
0.886,2.566554271
0.887,2.565670951
0.888,2.564753904
0.889,2.563803273
0.89,2.562819202
0.891,2.561801842
0.892,2.560751347
0.893,2.559667875
0.894,2.558551587
0.895,2.557402647
0.896,2.556221225
0.897,2.555007492
0.898,2.553761624
0.899,2.552483797
0.9,2.551174194
0.901,2.549832998
0.902,2.548460395
0.903,2.547056574
0.904,2.545621727
0.905,2.544156047
0.906,2.542659731
0.907,2.541132975
0.908,2.53957598
0.909,2.537988947
0.91,2.536372079
0.911,2.53472558
0.912,2.533049658
0.913,2.531344518
0.914,2.52961037
0.915,2.527847422
0.916,2.526055885
0.917,2.524235971
0.918,2.52238789
0.919,2.520511856
0.92,2.518608081
0.921,2.516676778
0.922,2.514718161
0.923,2.512732444
0.924,2.51071984
0.925,2.508680563
0.926,2.506614826
0.927,2.504522843
0.928,2.502404827
0.929,2.50026099
0.93,2.498091545
0.931,2.495896703
0.932,2.493676675
0.933,2.491431671
0.934,2.489161901
0.935,2.486867573
0.936,2.484548896
0.937,2.482206075
0.938,2.479839317
0.939,2.477448826
0.94,2.475034805
0.941,2.472597456
0.942,2.470136981
0.943,2.467653578
0.944,2.465147447
0.945,2.462618784
0.946,2.460067783
0.947,2.45749464
0.948,2.454899545
0.949,2.45228269
0.95,2.449644264
0.951,2.446984454
0.952,2.444303445
0.953,2.441601422
0.954,2.438878567
0.955,2.436135059
0.956,2.433371079
0.957,2.430586802
0.958,2.427782404
0.959,2.424958058
0.96,2.422113934
0.961,2.419250202
0.962,2.41636703
0.963,2.413464583
0.964,2.410543025
0.965,2.407602517
0.966,2.404643219
0.967,2.401665288
0.968,2.39866888
0.969,2.395654149
0.97,2.392621247
0.971,2.389570324
0.972,2.386501526
0.973,2.383415001
0.974,2.380310891
0.975,2.377189338
0.976,2.374050483
0.977,2.370894463
0.978,2.367721414
0.979,2.364531469
0.98,2.361324761
0.981,2.358101419
0.982,2.354861571
0.983,2.351605344
0.984,2.34833286
0.985,2.345044242
0.986,2.34173961
0.987,2.338419083
0.988,2.335082775
0.989,2.331730803
0.99,2.328363276
0.991,2.324980308
0.992,2.321582004
0.993,2.318168473
0.994,2.314739819
0.995,2.311296145
0.996,2.307837552
0.997,2.304364139
0.998,2.300876003
0.999,2.29737324
1,2.293855944
1.001,2.290324205
1.002,2.286778116
1.003,2.283217763
1.004,2.279643233
1.005,2.276054612
1.006,2.272451981
1.007,2.268835423
1.008,2.265205017
1.009,2.261560841
1.01,2.257902971
1.011,2.254231481
1.012,2.250546445
1.013,2.246847932
1.014,2.243136014
1.015,2.239410758
1.016,2.235672229
1.017,2.231920493
1.018,2.228155613
1.019,2.224377649
1.02,2.220586663
1.021,2.216782711
1.022,2.212965851
1.023,2.209136138
1.024,2.205293626
1.025,2.201438366
1.026,2.197570409
1.027,2.193689804
1.028,2.1897966
1.029,2.185890841
1.03,2.181972572
1.031,2.178041837
1.032,2.174098677
1.033,2.170143133
1.034,2.166175242
1.035,2.162195044
1.036,2.158202573
1.037,2.154197863
1.038,2.150180949
1.039,2.146151862
1.04,2.142110632
1.041,2.138057288
1.042,2.133991858
1.043,2.129914367
1.044,2.125824841
1.045,2.121723304
1.046,2.117609776
1.047,2.11348428
1.048,2.109346835
1.049,2.105197458
1.05,2.101036166
1.051,2.096862976
1.052,2.092677901
1.053,2.088480954
1.054,2.084272147
1.055,2.080051489
1.056,2.075818991
1.057,2.071574659
1.058,2.0673185
1.059,2.063050519
1.06,2.05877072
1.061,2.054479106
1.062,2.050175677
1.063,2.045860435
1.064,2.041533376
1.065,2.0371945
1.066,2.032843802
1.067,2.028481277
1.068,2.024106919
1.069,2.01972072
1.07,2.015322671
1.071,2.010912763
1.072,2.006490983
1.073,2.002057319
1.074,1.997611757
1.075,1.993154282
1.076,1.988684877
1.077,1.984203525
1.078,1.979710207
1.079,1.975204901
1.08,1.970687588
1.081,1.966158242
1.082,1.961616842
1.083,1.95706336
1.084,1.952497771
1.085,1.947920046
1.086,1.943330155
1.087,1.938728069
1.088,1.934113754
1.089,1.929487179
1.09,1.924848307
1.091,1.920197103
1.092,1.91553353
1.093,1.910857548
1.094,1.906169118
1.095,1.901468199
1.096,1.896754746
1.097,1.892028717
1.098,1.887290066
1.099,1.882538745
1.1,1.877774705
1.101,1.872997898
1.102,1.868208272
1.103,1.863405773
1.104,1.858590348
1.105,1.853761941
1.106,1.848920494
1.107,1.844065949
1.108,1.839198245
1.109,1.834317321
1.11,1.829423113
1.111,1.824515556
1.112,1.819594584
1.113,1.814660128
1.114,1.809712118
1.115,1.804750484
1.116,1.799775151
1.117,1.794786045
1.118,1.78978309
1.119,1.784766207
1.12,1.779735316
1.121,1.774690335
1.122,1.769631181
1.123,1.764557769
1.124,1.75947001
1.125,1.754367816
1.126,1.749251096
1.127,1.744119756
1.128,1.738973702
1.129,1.733812837
1.13,1.728637061
1.131,1.723446274
1.132,1.718240372
1.133,1.713019251
1.134,1.707782802
1.135,1.702530916
1.136,1.697263482
1.137,1.691980385
1.138,1.686681508
1.139,1.681366733
1.14,1.676035939
1.141,1.670689002
1.142,1.665325795
1.143,1.659946191
1.144,1.654550058
1.145,1.649137262
1.146,1.643707667
1.147,1.638261133
1.148,1.632797519
1.149,1.627316678
1.15,1.621818465
1.151,1.616302728
1.152,1.610769313
1.153,1.605218063
1.154,1.599648819
1.155,1.594061417
1.156,1.58845569
1.157,1.58283147
1.158,1.577188582
1.159,1.57152685
1.16,1.565846094
1.161,1.56014613
1.162,1.554426769
1.163,1.54868782
1.164,1.542929088
1.165,1.537150373
1.166,1.531351471
1.167,1.525532175
1.168,1.519692272
1.169,1.513831545
1.17,1.507949774
1.171,1.502046732
1.172,1.496122189
1.173,1.490175909
1.174,1.484207651
1.175,1.47821717
1.176,1.472204215
1.177,1.46616853
1.178,1.460109851
1.179,1.454027912
1.18,1.447922438
1.181,1.44179315
1.182,1.435639762
1.183,1.42946198
1.184,1.423259507
1.185,1.417032036
1.186,1.410779255
1.187,1.404500843
1.188,1.398196472
1.189,1.391865809
1.19,1.385508509
1.191,1.379124221
1.192,1.372712587
1.193,1.366273238
1.194,1.359805796
1.195,1.353309877
1.196,1.346785083
1.197,1.34023101
1.198,1.333647241
1.199,1.327033351
1.2,1.320388903
1.201,1.313713449
1.202,1.307006528
1.203,1.300267669
1.204,1.293496389
1.205,1.286692189
1.206,1.27985456
1.207,1.272982978
1.208,1.266076904
1.209,1.259135784
1.21,1.252159052
1.211,1.245146121
1.212,1.23809639
1.213,1.231009241
1.214,1.223884038
1.215,1.216720125
1.216,1.209516828
1.217,1.202273452
1.218,1.194989282
1.219,1.187663579
1.22,1.180295583
1.221,1.17288451
1.222,1.16542955
1.223,1.157929869
1.224,1.150398766
1.225,1.1428914
1.226,1.135413844
1.227,1.127966602
1.228,1.120550192
1.229,1.113165139
1.23,1.105811983
1.231,1.098491275
1.232,1.091203578
1.233,1.083949468
1.234,1.076729533
1.235,1.069544374
1.236,1.062394607
1.237,1.05528086
1.238,1.048203775
1.239,1.041164009
1.24,1.034162233
1.241,1.027199132
1.242,1.020275408
1.243,1.013391777
1.244,1.006548969
1.245,0.9997477332
1.246,0.9929888322
1.247,0.9862730458
1.248,0.9796011705
1.249,0.9729740193
1.25,0.9663924223
1.251,0.959857227
1.252,0.9533692982
1.253,0.9469295182
1.254,0.9405387874
1.255,0.934198024
1.256,0.9279081643
1.257,0.9216701629
1.258,0.9154849928
1.259,0.9093536453
1.26,0.9032771302
1.261,0.8972564761
1.262,0.8912927298
1.263,0.8853869567
1.264,0.8795402408
1.265,0.8737536843
1.266,0.8680284078
1.267,0.8623655499
1.268,0.8567662669
1.269,0.851231733
1.27,0.8457631396
1.271,0.8403616951
1.272,0.8350286243
1.273,0.8297651684
1.274,0.824572584
1.275,0.819452143
1.276,0.8144051315
1.277,0.8094328494
1.278,0.8045366095
1.279,0.799717737
1.28,0.794977568
1.281,0.7903174492
1.282,0.7857387363
1.283,0.7812427933
1.284,0.776830991
1.285,0.7725047058
1.286,0.7682653187
1.287,0.7641142132
1.288,0.7600527743
1.289,0.7560823869
1.29,0.7522044338
1.291,0.7484202944
1.292,0.7447313425
1.293,0.7411389445
1.294,0.7376444576
1.295,0.7342492279
1.296,0.7309545877
1.297,0.727761854
1.298,0.7246723263
1.299,0.7216872837
1.3,0.7188079834
1.301,0.7160356579
1.302,0.713371513
1.303,0.7108167253
1.304,0.7083724396
1.305,0.706039767
1.306,0.7038197824
1.307,0.701713522
1.308,0.6997219812
1.309,0.6978461123
1.31,0.6960868225
1.311,0.6944449712
1.312,0.6929213687
1.313,0.6915167738
1.314,0.6902318918
1.315,0.6890673733
1.316,0.6880238118
1.317,0.6871017429
1.318,0.6863016425
1.319,0.6856239254
1.32,0.6850689448
1.321,0.6846369908
1.322,0.68432829
1.323,0.6841430045
1.324,0.6840812318
1.325,0.6841145528
1.326,0.6842145031
1.327,0.6843810451
1.328,0.6846141159
1.329,0.6849136276
1.33,0.6852794675
1.331,0.6857114982
1.332,0.6862095576
1.333,0.6867734593
1.334,0.6874029931
1.335,0.6880979246
1.336,0.6888579964
1.337,0.6896829275
1.338,0.6905724147
1.339,0.6915261319
1.34,0.6925437316
1.341,0.6936248445
1.342,0.6947690804
1.343,0.6959760287
1.344,0.6972452587
1.345,0.6985763203
1.346,0.6999687445
1.347,0.701422044
1.348,0.7029357136
1.349,0.7045092311
1.35,0.7061420575
1.351,0.707833638
1.352,0.7095834024
1.353,0.7113907655
1.354,0.7132551283
1.355,0.7151758781
1.356,0.7171523892
1.357,0.7191840237
1.358,0.721270132
1.359,0.7234100536
1.36,0.7256031171
1.361,0.7278486417
1.362,0.7301459369
1.363,0.7324943039
1.364,0.7348930355
1.365,0.737341417
1.366,0.7398387266
1.367,0.7423842363
1.368,0.7449772117
1.369,0.7476169134
1.37,0.7503025967
1.371,0.7530335127
1.372,0.7558089083
1.373,0.7586280269
1.374,0.761490109
1.375,0.7643943921
1.376,0.7673401116
1.377,0.7703265009
1.378,0.7733527921
1.379,0.7764182157
1.38,0.7795220019
1.381,0.7826633799
1.382,0.7858415791
1.383,0.7890558288
1.384,0.7923053586
1.385,0.7955893988
1.386,0.7989071808
1.387,0.8022579366
1.388,0.8056408999
1.389,0.8090553058
1.39,0.8125003911
1.391,0.8159753944
1.392,0.8194795564
1.393,0.8230121199
1.394,0.8265723299
1.395,0.8301594341
1.396,0.8337726824
1.397,0.8374113274
1.398,0.8410746245
1.399,0.8447618317
1.4,0.8484722099
1.401,0.8522050228
1.402,0.855959537
1.403,0.8597350221
1.404,0.8635307506
1.405,0.8673459979
1.406,0.8711800424
1.407,0.8750321656
1.408,0.8789016518
1.409,0.882787788
1.41,0.8866898646
1.411,0.8906071743
1.412,0.8945390132
1.413,0.8984846795
1.414,0.9024434747
1.415,0.9064147027
1.416,0.9103976698
1.417,0.9143916853
1.418,0.9183960604
1.419,0.922410109
1.42,0.9264331473
1.421,0.9304644935
1.422,0.934503468
1.423,0.9385493932
1.424,0.9426015934
1.425,0.9466579932
1.426,0.9506902845
1.427,0.9546878546
1.428,0.9586510618
1.429,0.9625802551
1.43,0.9664757741
1.431,0.9703379494
1.432,0.974167103
1.433,0.9779635486
1.434,0.9817275918
1.435,0.9854595301
1.436,0.9891596539
1.437,0.9928282457
1.438,0.9964655813
1.439,1.00007193
1.44,1.003647552
1.441,1.007192705
1.442,1.010707638
1.443,1.014192594
1.444,1.017647809
1.445,1.021073517
1.446,1.024469942
1.447,1.027837306
1.448,1.031175823
1.449,1.034485704
1.45,1.037767155
1.451,1.041020376
1.452,1.044245562
1.453,1.047442906
1.454,1.050612593
1.455,1.053754806
1.456,1.056869725
1.457,1.059957522
1.458,1.063018369
1.459,1.066052431
1.46,1.069059872
1.461,1.072040851
1.462,1.074995523
1.463,1.077924039
1.464,1.08082655
1.465,1.083703199
1.466,1.086554129
1.467,1.08937948
1.468,1.092179386
1.469,1.094953981
1.47,1.097703395
1.471,1.100427756
1.472,1.103127186
1.473,1.105801809
1.474,1.108451744
1.475,1.111077106
1.476,1.11367801
1.477,1.116254568
1.478,1.118806888
1.479,1.121335078
1.48,1.123839242
1.481,1.126319482
1.482,1.128775898
1.483,1.131208589
1.484,1.13361765
1.485,1.136003176
1.486,1.138365257
1.487,1.140703985
1.488,1.143019447
1.489,1.145311729
1.49,1.147580916
1.491,1.149827091
1.492,1.152050333
1.493,1.154250723
1.494,1.156428337
1.495,1.158583252
1.496,1.160715542
1.497,1.16282528
1.498,1.164912537
1.499,1.166977382
1.5,1.169019883
1.501,1.171040108
1.502,1.173038122
1.503,1.175013989
1.504,1.176967771
1.505,1.178899529
1.506,1.180809325
1.507,1.182697216
1.508,1.18456326
1.509,1.186407514
1.51,1.188230032
1.511,1.190030868
1.512,1.191810076
1.513,1.193567706
1.514,1.19530381
1.515,1.197018437
1.516,1.198711636
1.517,1.200383453
1.518,1.202033935
1.519,1.203663128
1.52,1.205271076
1.521,1.206857822
1.522,1.208423409
1.523,1.209967878
1.524,1.211491271
1.525,1.212993626
1.526,1.214474983
1.527,1.21593538
1.528,1.217374854
1.529,1.218793441
1.53,1.220191177
1.531,1.221568097
1.532,1.222924234
1.533,1.224259623
1.534,1.225574294
1.535,1.22686828
1.536,1.228141612
1.537,1.229394321
1.538,1.230626435
1.539,1.231837983
1.54,1.233028994
1.541,1.234199496
1.542,1.235349514
1.543,1.236479076
1.544,1.237588206
1.545,1.23867693
1.546,1.239745272
1.547,1.240793256
1.548,1.241820904
1.549,1.24282824
1.55,1.243815285
1.551,1.244782061
1.552,1.245728588
1.553,1.246654887
1.554,1.247560977
1.555,1.248446877
1.556,1.249312607
1.557,1.250158184
1.558,1.250983626
1.559,1.251788949
1.56,1.252574172
1.561,1.253339309
1.562,1.254084376
1.563,1.254809388
1.564,1.255514361
1.565,1.256199308
1.566,1.256864243
1.567,1.257509179
1.568,1.258134129
1.569,1.258739105
1.57,1.25932412
1.571,1.259889185
1.572,1.26043431
1.573,1.260959507
1.574,1.261464785
1.575,1.261950156
1.576,1.262415626
1.577,1.262861207
1.578,1.263286906
1.579,1.263692732
1.58,1.264078692
1.581,1.264444793
1.582,1.264791043
1.583,1.265117448
1.584,1.265424014
1.585,1.265710748
1.586,1.265977654
1.587,1.266224737
1.588,1.266452002
1.589,1.266659454
1.59,1.266847096
1.591,1.267014932
1.592,1.267162964
1.593,1.267291197
1.594,1.267399631
1.595,1.267488269
1.596,1.267557113
1.597,1.267606164
1.598,1.267635423
1.599,1.267644891
1.6,1.267634567
1.601,1.267604451
1.602,1.267554543
1.603,1.267484842
1.604,1.267395347
1.605,1.267286056
1.606,1.267156966
1.607,1.267008076
1.608,1.266839383
1.609,1.266650884
1.61,1.266442574
1.611,1.266214451
1.612,1.26596651
1.613,1.265698746
1.614,1.265411154
1.615,1.265103729
1.616,1.264776465
1.617,1.264429356
1.618,1.264062395
1.619,1.263675575
1.62,1.263268889
1.621,1.26284233
1.622,1.262395888
1.623,1.261929556
1.624,1.261443324
1.625,1.260937184
1.626,1.260411124
1.627,1.259865136
1.628,1.259299208
1.629,1.258713329
1.63,1.258107488
1.631,1.257481673
1.632,1.256835872
1.633,1.256170071
1.634,1.255484258
1.635,1.254778418
1.636,1.254052537
1.637,1.253306602
1.638,1.252540595
1.639,1.251754503
1.64,1.250948309
1.641,1.250121996
1.642,1.249275547
1.643,1.248408944
1.644,1.24752217
1.645,1.246615206
1.646,1.245688032
1.647,1.244740628
1.648,1.243772976
1.649,1.242785053
1.65,1.241776838
1.651,1.24074831
1.652,1.239699445
1.653,1.238630221
1.654,1.237540614
1.655,1.2364306
1.656,1.235300153
1.657,1.234149249
1.658,1.23297786
1.659,1.23178596
1.66,1.230573522
1.661,1.229340517
1.662,1.228086917
1.663,1.226812691
1.664,1.22551781
1.665,1.224202243
1.666,1.222865957
1.667,1.221508921
1.668,1.220131101
1.669,1.218732463
1.67,1.217312972
1.671,1.215872593
1.672,1.21441129
1.673,1.212929024
1.674,1.211425759
1.675,1.209901455
1.676,1.208356072
1.677,1.20678957
1.678,1.205201907
1.679,1.20359304
1.68,1.201962927
1.681,1.200311522
1.682,1.19863878
1.683,1.196944655
1.684,1.195229099
1.685,1.193492064
1.686,1.191733501
1.687,1.189953358
1.688,1.188151584
1.689,1.186328126
1.69,1.184482931
1.691,1.182615942
1.692,1.180727104
1.693,1.178816359
1.694,1.176883648
1.695,1.174928911
1.696,1.172952087
1.697,1.170953113
1.698,1.168931925
1.699,1.166888457
1.7,1.164822644
1.701,1.162734416
1.702,1.160623703
1.703,1.158490435
1.704,1.156334539
1.705,1.15415594
1.706,1.151954562
1.707,1.149730329
1.708,1.14748316
1.709,1.145212975
1.71,1.142919691
1.711,1.140603224
1.712,1.138263487
1.713,1.135900392
1.714,1.13351385
1.715,1.131103768
1.716,1.128670052
1.717,1.126212606
1.718,1.123731332
1.719,1.121226131
1.72,1.118696899
1.721,1.116143531
1.722,1.113565922
1.723,1.110963961
1.724,1.108337538
1.725,1.105686537
1.726,1.103010842
1.727,1.100310335
1.728,1.097584893
1.729,1.094834391
1.73,1.092058703
1.731,1.089257698
1.732,1.086431243
1.733,1.083579202
1.734,1.080701436
1.735,1.077797803
1.736,1.074868157
1.737,1.07191235
1.738,1.068930229
1.739,1.065921639
1.74,1.06288642
1.741,1.059824411
1.742,1.056735443
1.743,1.053619346
1.744,1.050475947
1.745,1.047305066
1.746,1.044106522
1.747,1.040880126
1.748,1.037625687
1.749,1.034351872
1.75,1.031081628
1.751,1.027816729
1.752,1.024557813
1.753,1.021305521
1.754,1.018060491
1.755,1.01482336
1.756,1.011594764
1.757,1.008375339
1.758,1.005165717
1.759,1.001966533
1.76,0.9987784194
1.761,0.9956020065
1.762,0.992437925
1.763,0.9892868041
1.764,0.9861492723
1.765,0.9830259569
1.766,0.9799174843
1.767,0.9768244798
1.768,0.9737475678
1.769,0.9706873714
1.77,0.9676445127
1.771,0.9646196127
1.772,0.961613291
1.773,0.9586261662
1.774,0.9556588552
1.775,0.9527119739
1.776,0.9497861365
1.777,0.9468819557
1.778,0.9440000428
1.779,0.941141007
1.78,0.9383054561
1.781,0.9354939959
1.782,0.9327072299
1.783,0.92994576
1.784,0.9272101855
1.785,0.9245011035
1.786,0.9218191086
1.787,0.9191647928
1.788,0.9165387454
1.789,0.9139415526
1.79,0.9113737979
1.791,0.9088360612
1.792,0.9063289193
1.793,0.9038529453
1.794,0.9014087087
1.795,0.8989967749
1.796,0.8966177055
1.797,0.8942720576
1.798,0.8919603838
1.799,0.8896832319
1.8,0.8874411452
1.801,0.8852346615
1.802,0.8830643133
1.803,0.8809306277
1.804,0.8788341259
1.805,0.876775323
1.806,0.874754728
1.807,0.8727728432
1.808,0.8708301643
1.809,0.86892718
1.81,0.8670643716
1.811,0.8652422131
1.812,0.8634611706
1.813,0.8617217023
1.814,0.8600242579
1.815,0.858369279
1.816,0.856757198
1.817,0.8551884384
1.818,0.8536634146
1.819,0.8521825312
1.82,0.8507461831
1.821,0.8493547551
1.822,0.8480086216
1.823,0.8467081468
1.824,0.8454536836
1.825,0.8442455743
1.826,0.8430841496
1.827,0.8419697287
1.828,0.8409026193
1.829,0.839883117
1.83,0.8389115051
1.831,0.8379880547
1.832,0.8371130242
1.833,0.8362866591
1.834,0.8355091922
1.835,0.834780843
1.836,0.8341018175
1.837,0.8334723085
1.838,0.8328924951
1.839,0.8323625424
1.84,0.8318826017
1.841,0.8314528105
1.842,0.8310732919
1.843,0.8307441546
1.844,0.8304654934
1.845,0.8302373883
1.846,0.8300599051
1.847,0.8299330948
1.848,0.829856994
1.849,0.8298316246
1.85,0.8298793039
1.851,0.8300223252
1.852,0.8302606391
1.853,0.8305941633
1.854,0.8310227825
1.855,0.8315463492
1.856,0.8321646834
1.857,0.8328775731
1.858,0.8336847747
1.859,0.8345860134
1.86,0.8355809834
1.861,0.8366693489
1.862,0.8378507441
1.863,0.8391247744
1.864,0.8404910163
1.865,0.8419490186
1.866,0.8434983032
1.867,0.8451383652
1.868,0.8468686744
1.869,0.8486886756
1.87,0.8505977896
1.871,0.8525954142
1.872,0.8546809249
1.873,0.8568536756
1.874,0.8591129999
1.875,0.8614582118
1.876,0.8638886067
1.877,0.8664034622
1.878,0.8690020391
1.879,0.8716835824
1.88,0.8744473222
1.881,0.8772924745
1.882,0.8802182423
1.883,0.8832238166
1.884,0.886308377
1.885,0.8894710928
1.886,0.8927111239
1.887,0.8960276215
1.888,0.8994197293
1.889,0.9028865838
1.89,0.9064273156
1.891,0.9100410501
1.892,0.9137269081
1.893,0.9174840065
1.894,0.9213114594
1.895,0.9252083785
1.896,0.9291738739
1.897,0.9332070546
1.898,0.9373070294
1.899,0.9414729073
1.9,0.945703798
1.901,0.9499988129
1.902,0.954357065
1.903,0.9587776699
1.904,0.9632597463
1.905,0.9678024158
1.906,0.9724048041
1.907,0.9770660411
1.908,0.9817852613
1.909,0.9865616038
1.91,0.9913942135
1.911,0.9962822404
1.912,1.001224841
1.913,1.006221176
1.914,1.011270416
1.915,1.016371735
1.916,1.021524315
1.917,1.026727345
1.918,1.031980022
1.919,1.037281548
1.92,1.042631134
1.921,1.048028
1.922,1.05347137
1.923,1.058960478
1.924,1.064494567
1.925,1.070072885
1.926,1.075694689
1.927,1.081359245
1.928,1.087065826
1.929,1.092813712
1.93,1.098602194
1.931,1.104430566
1.932,1.110298134
1.933,1.11620421
1.934,1.122148114
1.935,1.128129175
1.936,1.134146727
1.937,1.140200114
1.938,1.146288685
1.939,1.152411799
1.94,1.158568821
1.941,1.164759123
1.942,1.170982084
1.943,1.177237091
1.944,1.183523536
1.945,1.189840819
1.946,1.196188347
1.947,1.202565532
1.948,1.208971792
1.949,1.215406554
1.95,1.221843804
1.951,1.228245325
1.952,1.234611244
1.953,1.240942057
1.954,1.247238246
1.955,1.253500283
1.956,1.259728622
1.957,1.265923711
1.958,1.272085981
1.959,1.278215854
1.96,1.284313741
1.961,1.290380043
1.962,1.296415147
1.963,1.302419436
1.964,1.308393277
1.965,1.314337032
1.966,1.320251053
1.967,1.326135683
1.968,1.331991254
1.969,1.337818095
1.97,1.343616521
1.971,1.349386844
1.972,1.355129366
1.973,1.360844382
1.974,1.366532181
1.975,1.372193042
1.976,1.377827242
1.977,1.383435047
1.978,1.389016719
1.979,1.394572513
1.98,1.400102678
1.981,1.405607458
1.982,1.411087089
1.983,1.416541806
1.984,1.421971832
1.985,1.427377391
1.986,1.432758698
1.987,1.438115964
1.988,1.443449395
1.989,1.448759193
1.99,1.454045554
1.991,1.45930867
1.992,1.46454873
1.993,1.469765917
1.994,1.474960409
1.995,1.480132381
1.996,1.485282005
1.997,1.490409448
1.998,1.495514872
1.999,1.500598437
2,1.505660299
2.001,1.510700609
2.002,1.515719515
2.003,1.520717164
2.004,1.525693696
2.005,1.530649249
2.006,1.535583959
2.007,1.540497956
2.008,1.545391371
2.009,1.550264329
2.01,1.555116951
2.011,1.559949358
2.012,1.564761666
2.013,1.56955399
2.014,1.57432644
2.015,1.579079125
2.016,1.58381215
2.017,1.588525619
2.018,1.593219632
2.019,1.597894286
2.02,1.602549679
2.021,1.607185901
2.022,1.611803045
2.023,1.616401197
2.024,1.620980445
2.025,1.625540872
2.026,1.630082559
2.027,1.634605585
2.028,1.639110027
2.029,1.64359596
2.03,1.648063457
2.031,1.652512588
2.032,1.656943422
2.033,1.661356025
2.034,1.665750463
2.035,1.670126797
2.036,1.674485089
2.037,1.678825397
2.038,1.683147778
2.039,1.687452288
2.04,1.691738978
2.041,1.696007902
2.042,1.700259108
2.043,1.704492645
2.044,1.708708558
2.045,1.712906893
2.046,1.717087692
2.047,1.721250996
2.048,1.725396846
2.049,1.729525277
2.05,1.733636328
2.051,1.737730033
2.052,1.741806425
2.053,1.745865536
2.054,1.749907395
2.055,1.753932032
2.056,1.757939473
2.057,1.761929745
2.058,1.765902871
2.059,1.769858875
2.06,1.773797777
2.061,1.777719597
2.062,1.781624355
2.063,1.785512067
2.064,1.78938275
2.065,1.793236417
2.066,1.797073082
2.067,1.800892756
2.068,1.804695451
2.069,1.808481175
2.07,1.812249936
2.071,1.816001742
2.072,1.819736597
2.073,1.823454506
2.074,1.827155471
2.075,1.830839495
2.076,1.834506578
2.077,1.83815672
2.078,1.841789918
2.079,1.845406169
2.08,1.84900547
2.081,1.852587815
2.082,1.856153198
2.083,1.859701611
2.084,1.863233045
2.085,1.866747491
2.086,1.870244937
2.087,1.873725373
2.088,1.877188784
2.089,1.880635157
2.09,1.884064476
2.091,1.887476726
2.092,1.890871889
2.093,1.894249947
2.094,1.89761088
2.095,1.900954669
2.096,1.904281291
2.097,1.907590726
2.098,1.910882949
2.099,1.914157936
2.1,1.917415663
2.101,1.920656103
2.102,1.923879229
2.103,1.927085013
2.104,1.930273426
2.105,1.933444439
2.106,1.93659802
2.107,1.939734139
2.108,1.942852763
2.109,1.945953858
2.11,1.949037391
2.111,1.952103326
2.112,1.955151627
2.113,1.958182259
2.114,1.961195182
2.115,1.96419036
2.116,1.967167752
2.117,1.97012732
2.118,1.973069021
2.119,1.975992816
2.12,1.978898662
2.121,1.981786515
2.122,1.984656332
2.123,1.98750807
2.124,1.990341682
2.125,1.993157122
2.126,1.995954346
2.127,1.998733304
2.128,2.00149395
2.129,2.004236235
2.13,2.006960109
2.131,2.009665524
2.132,2.012352428
2.133,2.015020771
2.134,2.017670501
2.135,2.020301566
2.136,2.022913913
2.137,2.02550749
2.138,2.028082241
2.139,2.030638113
2.14,2.033175051
2.141,2.035693
2.142,2.038191903
2.143,2.040671705
2.144,2.043132348
2.145,2.045573776
2.146,2.04799593
2.147,2.050398753
2.148,2.052782186
2.149,2.05514617
2.15,2.057490645
2.151,2.059815553
2.152,2.062120834
2.153,2.064406426
2.154,2.06667227
2.155,2.068918305
2.156,2.071144468
2.157,2.0733507
2.158,2.075536938
2.159,2.07770312
2.16,2.079849184
2.161,2.081975068
2.162,2.084080709
2.163,2.086166045
2.164,2.088231013
2.165,2.09027555
2.166,2.092299592
2.167,2.094303077
2.168,2.096285942
2.169,2.098248122
2.17,2.100189556
2.171,2.102110179
2.172,2.104009928
2.173,2.10588874
2.174,2.107746552
2.175,2.1095833
2.176,2.111398921
2.177,2.113193352
2.178,2.114966531
2.179,2.116718394
2.18,2.118448878
2.181,2.120157923
2.182,2.121845464
2.183,2.12351144
2.184,2.125155789
2.185,2.12677845
2.186,2.128379361
2.187,2.129958462
2.188,2.131515691
2.189,2.133050988
2.19,2.134564293
2.191,2.136055547
2.192,2.137524691
2.193,2.138971665
2.194,2.140396411
2.195,2.141798871
2.196,2.143178988
2.197,2.144536704
2.198,2.145871964
2.199,2.147184712
2.2,2.148474891
2.201,2.149742448
2.202,2.150987328
2.203,2.152209477
2.204,2.153408843
2.205,2.154585373
2.206,2.155739016
2.207,2.156869721
2.208,2.157977438
2.209,2.159062116
2.21,2.160123708
2.211,2.161162165
2.212,2.162177441
2.213,2.163169488
2.214,2.164138262
2.215,2.165083718
2.216,2.166005811
2.217,2.166904499
2.218,2.16777974
2.219,2.168631493
2.22,2.169459717
2.221,2.170264373
2.222,2.171045423
2.223,2.171802829
2.224,2.172536554
2.225,2.173246565
2.226,2.173932825
2.227,2.174595303
2.228,2.175233964
2.229,2.175848779
2.23,2.176439717
2.231,2.177006749
2.232,2.177549847
2.233,2.178068984
2.234,2.178564134
2.235,2.179035272
2.236,2.179482376
2.237,2.179905422
2.238,2.18030439
2.239,2.180679259
2.24,2.181030011
2.241,2.181356627
2.242,2.181659092
2.243,2.18193739
2.244,2.182191506
2.245,2.182421428
2.246,2.182627145
2.247,2.182808646
2.248,2.182965921
2.249,2.183098962
2.25,2.183207763
2.251,2.183292319
2.252,2.183352624
2.253,2.183388676
2.254,2.183400473
2.255,2.183388014
2.256,2.1833513
2.257,2.183290333
2.258,2.183205116
2.259,2.183095653
2.26,2.18296195
2.261,2.182804014
2.262,2.182621852
2.263,2.182415475
2.264,2.182184892
2.265,2.181930115
2.266,2.181651158
2.267,2.181348034
2.268,2.181020759
2.269,2.180669349
2.27,2.180293822
2.271,2.179894196
2.272,2.179470493
2.273,2.179022733
2.274,2.178550939
2.275,2.178055134
2.276,2.177535343
2.277,2.176991592
2.278,2.176423907
2.279,2.175832317
2.28,2.175216851
2.281,2.174577539
2.282,2.173914412
2.283,2.173227503
2.284,2.172516845
2.285,2.171782472
2.286,2.17102442
2.287,2.170242726
2.288,2.169437426
2.289,2.16860856
2.29,2.167756166
2.291,2.166880284
2.292,2.165980957
2.293,2.165058225
2.294,2.164112133
2.295,2.163142723
2.296,2.162150041
2.297,2.161134132
2.298,2.160095043
2.299,2.15903282
2.3,2.157947512
2.301,2.156839168
2.302,2.155707836
2.303,2.154553568
2.304,2.153376414
2.305,2.152176425
2.306,2.150953655
2.307,2.149708155
2.308,2.148439981
2.309,2.147149184
2.31,2.145835822
2.311,2.144499948
2.312,2.14314162
2.313,2.141760892
2.314,2.140357823
2.315,2.13893247
2.316,2.13748489
2.317,2.136015142
2.318,2.134523286
2.319,2.133009379
2.32,2.131473483
2.321,2.129915656
2.322,2.128335959
2.323,2.126734454
2.324,2.1251112
2.325,2.12346626
2.326,2.121799694
2.327,2.120111566
2.328,2.118401935
2.329,2.116670866
2.33,2.114918421
2.331,2.113144661
2.332,2.111349651
2.333,2.109533452
2.334,2.107696129
2.335,2.105837743
2.336,2.103958359
2.337,2.102058039
2.338,2.100136847
2.339,2.098194847
2.34,2.096232101
2.341,2.094248673
2.342,2.092244626
2.343,2.090220023
2.344,2.088174928
2.345,2.086109404
2.346,2.084023513
2.347,2.081917318
2.348,2.079790883
2.349,2.077644269
2.35,2.075477538
2.351,2.073290754
2.352,2.071083978
2.353,2.068857271
2.354,2.066610695
2.355,2.064344311
2.356,2.062058181
2.357,2.059752364
2.358,2.057426921
2.359,2.055081912
2.36,2.052717396
2.361,2.050333434
2.362,2.047930082
2.363,2.045507401
2.364,2.043065449
2.365,2.040604282
2.366,2.038123958
2.367,2.035624534
2.368,2.033106067
2.369,2.030568611
2.37,2.028012223
2.371,2.025436957
2.372,2.022842868
2.373,2.020230009
2.374,2.017598434
2.375,2.014948195
2.376,2.012279345
2.377,2.009591935
2.378,2.006886016
2.379,2.004161638
2.38,2.001418852
2.381,1.998657705
2.382,1.995878248
2.383,1.993080527
2.384,1.990264589
2.385,1.987430482
2.386,1.984578251
2.387,1.981707941
2.388,1.978819596
2.389,1.97591326
2.39,1.972988976
2.391,1.970046786
2.392,1.967086731
2.393,1.964108853
2.394,1.961113191
2.395,1.958099783
2.396,1.955068669
2.397,1.952019886
2.398,1.948953471
2.399,1.945869458
2.4,1.942767884
2.401,1.939648782
2.402,1.936512187
2.403,1.933358129
2.404,1.930186641
2.405,1.926997753
2.406,1.923791495
2.407,1.920567896
2.408,1.917326984
2.409,1.914068786
2.41,1.910793328
2.411,1.907500635
2.412,1.904190731
2.413,1.90086364
2.414,1.897519383
2.415,1.894157982
2.416,1.890779457
2.417,1.887384031
2.418,1.883992134
2.419,1.880617717
2.42,1.8772613
2.421,1.873923393
2.422,1.870604502
2.423,1.867305123
2.424,1.864025749
2.425,1.860766864
2.426,1.857528946
2.427,1.854312468
2.428,1.851117895
2.429,1.847945686
2.43,1.844796295
2.431,1.841670169
2.432,1.83856775
2.433,1.835489474
2.434,1.832435769
2.435,1.829407061
2.436,1.826403767
2.437,1.823426301
2.438,1.820475069
2.439,1.817550474
2.44,1.814652912
2.441,1.811782774
2.442,1.808940445
2.443,1.806126307
2.444,1.803340734
2.445,1.800584096
2.446,1.797856758
2.447,1.79515908
2.448,1.792491416
2.449,1.789854116
2.45,1.787247525
2.451,1.784671982
2.452,1.782127822
2.453,1.779615373
2.454,1.777134962
2.455,1.774686908
2.456,1.772271525
2.457,1.769889124
2.458,1.767540009
2.459,1.765224482
2.46,1.762942837
2.461,1.760695365
2.462,1.758482352
2.463,1.756304078
2.464,1.754160821
2.465,1.75205285
2.466,1.749980434
2.467,1.747943832
2.468,1.745943303
2.469,1.743979098
2.47,1.742051464
2.471,1.740160644
2.472,1.738306875
2.473,1.736490389
2.474,1.734711415
2.475,1.732970176
2.476,1.731266889
2.477,1.729601768
2.478,1.727975021
2.479,1.726386852
2.48,1.724837458
2.481,1.723327034
2.482,1.721855768
2.483,1.720423843
2.484,1.719031439
2.485,1.717678729
2.486,1.716365882
2.487,1.715093062
2.488,1.713860426
2.489,1.71266813
2.49,1.711516321
2.491,1.710405143
2.492,1.709334735
2.493,1.708305229
2.494,1.707316754
2.495,1.706369434
2.496,1.705463386
2.497,1.704598724
2.498,1.703775554
2.499,1.70299398
2.5,1.702254098
2.501,1.701556002
2.502,1.700899777
2.503,1.700285507
2.504,1.699713266
2.505,1.699183127
2.506,1.698695156
2.507,1.698249413
2.508,1.697845955
2.509,1.69748483
2.51,1.697166085
2.511,1.696889759
2.512,1.696655886
2.513,1.696464496
2.514,1.696315612
2.515,1.696209253
2.516,1.696145432
2.517,1.696124158
